final time = 0.2

0              0
0.01   0.0083996141
0.02    0.015602451
0.03    0.022811169
0.04    0.030028474
0.05    0.037257065
0.06     0.04449963
0.07    0.051758843
0.08    0.059037364
0.09    0.066337833
0.1    0.073662869
0.11    0.081015068
0.12    0.088397001
0.13     0.09581121
0.14     0.10326021
0.15     0.11074647
0.16     0.11827243
0.17     0.12584051
0.18     0.13345307
0.19     0.14111242
0.2     0.14882085
0.21     0.15658059
0.22     0.16439381
0.23     0.17226265
0.24     0.18018918
0.25     0.18817542
0.26     0.19622334
0.27     0.20433484
0.28     0.21251177
0.29      0.2207559
0.3     0.22906896
0.31     0.23745259
0.32     0.24590837
0.33     0.25443781
0.34     0.26304236
0.35     0.27172338
0.36     0.28048217
0.37     0.28931994
0.38     0.29823784
0.39     0.30723693
0.4      0.3163182
0.41     0.32548254
0.42      0.3347308
0.43      0.3440637
0.44     0.35348191
0.45       0.362986
0.46     0.37257647
0.47     0.38225373
0.48     0.39201809
0.49     0.40186981
0.5     0.41180902
0.51     0.42183579
0.52     0.43195012
0.53     0.44215187
0.54     0.45244088
0.55     0.46281685
0.56     0.47327942
0.57     0.48382815
0.58      0.4944625
0.59     0.50518184
0.6     0.51598547
0.61     0.52687261
0.62     0.53784238
0.63     0.54889383
0.64     0.56002593
0.65     0.57123756
0.66     0.58252752
0.67     0.59389455
0.68     0.60533729
0.69     0.61685432
0.7     0.62844413
0.71     0.64010517
0.72     0.65183577
0.73     0.66363424
0.74     0.67549878
0.75     0.68742756
0.76     0.69941864
0.77     0.71147007
0.78      0.7235798
0.79     0.73574574
0.8     0.74796574
0.81     0.76023759
0.82     0.77255903
0.83     0.78492776
0.84     0.79734141
0.85     0.80979758
0.86     0.82229384
0.87     0.83482769
0.88     0.84739661
0.89     0.85999805
0.9      0.8726294
0.91     0.88528805
0.92     0.89797135
0.93     0.91067661
0.94     0.92340116
0.95     0.93614226
0.96     0.94889718
0.97     0.96166318
0.98     0.97443749
0.99     0.98721736
1              1
