Gaussian elimination results for a tridiagonal matrix of size n=100.
We have x(0)=0 and x_(n+1)=1.

-------------------------------------------------------------------------------
x value                     num. solution       exact solution      relative error
-------------------------------------------------------------------------------
x1      0.009900990099       0.08429683337       0.08436571909         -3.08768208
x2        0.0198019802        0.1597147947        0.1598453105         -3.08768208
x3        0.0297029703        0.2270908619        0.2272764361         -3.08768208
x4        0.0396039604        0.2871831145        0.2874177949         -3.08768208
x5        0.0495049505        0.3406781703        0.3409565658         -3.08768208
x6       0.05940594059        0.3881979223          0.38851515         -3.08768208
x7       0.06930693069        0.4303056402        0.4306572775         -3.08768208
x8       0.07920792079        0.4675114961        0.4678935373         -3.08768208
x9       0.08910891089        0.5002775703        0.5006863873         -3.08768208
x10       0.09900990099        0.5290223843         0.529454691         -3.08768208
x11        0.1089108911        0.5541250073        0.5545778274         -3.08768208
x12        0.1188118812         0.575928775        0.5763994127         -3.08768208
x13        0.1287128713        0.5947446583        0.5952306719         -3.08768208
x14        0.1386138614        0.6108543137        0.6113534918         -3.08768208
x15        0.1485148515        0.6245128472        0.6250231869         -3.08768208
x16        0.1584158416         0.635951317         0.636471004         -3.08768208
x17        0.1683168317        0.6453790002        0.6459063912         -3.08768208
x18        0.1782178218         0.652985446        0.6535190529         -3.08768208
x19        0.1881188119        0.6589423357        0.6594808105         -3.08768208
x20         0.198019802        0.6634051669        0.6639472885         -3.08768208
x21        0.2079207921        0.6665147787        0.6670594415         -3.08768208
x22        0.2178217822        0.6683987342        0.6689449365         -3.08768208
x23        0.2277227723        0.6691725713         0.669719406         -3.08768208
x24        0.2376237624        0.6689409369        0.6694875823         -3.08768208
x25        0.2475247525        0.6677986128        0.6683443247         -3.08768208
x26        0.2574257426        0.6658314465        0.6663755509         -3.08768208
x27        0.2673267327        0.6631171927         0.663659079         -3.08768208
x28        0.2772277228        0.6597262766        0.6602653919         -3.08768208
x29        0.2871287129        0.6557224845         0.656258328         -3.08768208
x30         0.297029703        0.6511635901        0.6516957082         -3.08768208
x31        0.3069306931        0.6461019207        0.6466299025         -3.08768208
x32        0.3168316832         0.640584871        0.6411083444         -3.08768208
x33        0.3267326733        0.6346553681         0.635173996         -3.08768208
x34        0.3366336634        0.6283522924        0.6288657696         -3.08768208
x35        0.3465346535        0.6217108592        0.6222189091         -3.08768208
x36        0.3564356436        0.6147629641        0.6152653363         -3.08768208
x37        0.3663366337        0.6075374962        0.6080339639         -3.08768208
x38        0.3762376238        0.6000606213         0.600550979         -3.08768208
x39        0.3861386139        0.5923560385        0.5928401002         -3.08768208
x40         0.396039604         0.584445213        0.5849228102         -3.08768208
x41        0.4059405941        0.5763475866        0.5768185665         -3.08768208
x42        0.4158415842        0.5680807682        0.5685449927         -3.08768208
x43        0.4257425743         0.559660707        0.5601180507         -3.08768208
x44        0.4356435644        0.5511018486        0.5515521982         -3.08768208
x45        0.4455445545        0.5424172768        0.5428605296         -3.08768208
x46        0.4554455446        0.5336188423        0.5340549051         -3.08768208
x47        0.4653465347        0.5247172784         0.525146067         -3.08768208
x48        0.4752475248        0.5157223067        0.5161437449         -3.08768208
x49        0.4851485149        0.5066427325         0.507056751         -3.08768208
x50         0.495049505        0.4974865309        0.4978930671         -3.08768208
x51         0.504950495        0.4882609253        0.4886599225         -3.08768208
x52        0.5148514851        0.4789724581         0.479363865         -3.08768208
x53        0.5247524752        0.4696270551        0.4700108251         -3.08768208
x54        0.5346534653        0.4602300834        0.4606061744         -3.08768208
x55        0.5445544554        0.4507864041        0.4511547779         -3.08768208
x56        0.5544554455        0.4413004203        0.4416610424         -3.08768208
x57        0.5643564356        0.4317761199        0.4321289588         -3.08768208
x58        0.5742574257        0.4222171147        0.4225621422         -3.08768208
x59        0.5841584158        0.4126266763        0.4129638667         -3.08768208
x60        0.5940594059        0.4030077677        0.4033370978         -3.08768208
x61         0.603960396        0.3933630729        0.3936845214         -3.08768208
x62        0.6138613861        0.3836950224        0.3840085704         -3.08768208
x63        0.6237623762         0.374005818        0.3743114482         -3.08768208
x64        0.6336633663        0.3642974537        0.3645951505         -3.08768208
x65        0.6435643564        0.3545717358        0.3548614848         -3.08768208
x66        0.6534653465           0.3448303        0.3451120886         -3.08768208
x67        0.6633663366        0.3350746281        0.3353484445         -3.08768208
x68        0.6732673267        0.3253060619        0.3255718956         -3.08768208
x69        0.6831683168        0.3155258171        0.3157836586         -3.08768208
x70        0.6930693069        0.3057349945        0.3059848351         -3.08768208
x71         0.702970297        0.2959345912        0.2961764231         -3.08768208
x72        0.7128712871        0.2861255104        0.2863593265         -3.08768208
x73        0.7227722772          0.27630857        0.2765343639         -3.08768208
x74        0.7326732673         0.266484511        0.2667022769         -3.08768208
x75        0.7425742574        0.2566540044         0.256863737         -3.08768208
x76        0.7524752475         0.246817658        0.2470193526         -3.08768208
x77        0.7623762376        0.2369760224        0.2371696745         -3.08768208
x78        0.7722772277         0.227129596        0.2273152018         -3.08768208
x79        0.7821782178        0.2172788305        0.2174563865         -3.08768208
x80        0.7920792079        0.2074241349        0.2075936378         -3.08768208
x81         0.801980198        0.1975658797        0.1977273267         -3.08768208
x82        0.8118811881        0.1877044005        0.1878577889         -3.08768208
x83        0.8217821782        0.1778400012        0.1779853285         -3.08768208
x84        0.8316831683         0.167972957        0.1681102212         -3.08768208
x85        0.8415841584        0.1581035172        0.1582327163         -3.08768208
x86        0.8514851485        0.1482319078          0.14835304         -3.08768208
x87        0.8613861386        0.1383583331        0.1384713968         -3.08768208
x88        0.8712871287        0.1284829785        0.1285879723         -3.08768208
x89        0.8811881188        0.1186060118        0.1187029343         -3.08768208
x90        0.8910891089        0.1087275849        0.1088164349         -3.08768208
x91         0.900990099       0.09884783541       0.09892861192         -3.08768208
x92        0.9108910891        0.0889668881        0.0890395901         -3.08768208
x93        0.9207920792       0.07908485585       0.07914948244         -3.08768208
x94        0.9306930693       0.06920184092        0.0692583913         -3.08768208
x95        0.9405940594       0.05931793595       0.05936640941         -3.08768208
x96        0.9504950495       0.04943322485       0.04947362071         -3.08768208
x97        0.9603960396        0.0395477836       0.03958010127         -3.08768208
x98        0.9702970297       0.02966168104       0.02968591998         -3.08768208
x99        0.9801980198       0.01977497949       0.01979113922         -3.08768208
x100        0.9900990099      0.009887735433      0.009895815496         -3.08768208

Maximum relative error: -3.08768208 for i=0.
Operation time: 4e-06s


ヽ(°〇°)ﾉ 
