final time = 0.2

0              0
0.01   0.0075362389
0.02    0.014761287
0.03    0.021991874
0.04    0.029230707
0.05    0.036480481
0.06    0.043743882
0.07    0.051023584
0.08    0.058322245
0.09    0.065642504
0.1    0.072986979
0.11    0.080358267
0.12    0.087758939
0.13    0.095191535
0.14     0.10265857
0.15     0.11016252
0.16     0.11770582
0.17     0.12529089
0.18     0.13292009
0.19     0.14059575
0.2     0.14832013
0.21     0.15609548
0.22     0.16392398
0.23     0.17180775
0.24     0.17974889
0.25      0.1877494
0.26     0.19581127
0.27     0.20393639
0.28     0.21212661
0.29     0.22038372
0.3     0.22870943
0.31      0.2371054
0.32     0.24557322
0.33     0.25411439
0.34     0.26273037
0.35     0.27142252
0.36     0.28019214
0.37     0.28904046
0.38     0.29796861
0.39     0.30697768
0.4     0.31606865
0.41     0.32524242
0.42     0.33449983
0.43     0.34384162
0.44     0.35326847
0.45     0.36278094
0.46     0.37237953
0.47     0.38206467
0.48     0.39183668
0.49     0.40169579
0.5     0.41164218
0.51      0.4216759
0.52     0.43179694
0.53      0.4420052
0.54      0.4523005
0.55     0.46268255
0.56       0.473151
0.57     0.48370541
0.58     0.49434524
0.59     0.50506988
0.6     0.51587863
0.61      0.5267707
0.62     0.53774523
0.63     0.54880127
0.64     0.55993779
0.65     0.57115369
0.66     0.58244776
0.67     0.59381874
0.68     0.60526529
0.69     0.61678599
0.7     0.62837934
0.71     0.64004378
0.72     0.65177766
0.73     0.66357927
0.74     0.67544685
0.75     0.68737854
0.76     0.69937243
0.77     0.71142657
0.78      0.7235389
0.79     0.73570735
0.8     0.74792977
0.81     0.76020395
0.82     0.77252764
0.83     0.78489853
0.84     0.79731428
0.85     0.80977248
0.86      0.8222707
0.87     0.83480646
0.88     0.84737723
0.89     0.85998046
0.9     0.87261356
0.91     0.88527391
0.92     0.89795888
0.93     0.91066578
0.94     0.92339192
0.95      0.9361346
0.96     0.94889108
0.97     0.96165862
0.98     0.97443446
0.99     0.98721585
1              1
