-756        2.6e-07
-752        1.6e-07
-748       1.46e-06
-744       1.76e-06
-740        5.8e-06
-736       6.18e-06
-732      1.304e-05
-728      1.998e-05
-724      3.146e-05
-720       4.71e-05
-716          6e-05
-712      8.358e-05
-708     0.00010966
-704      0.0001541
-700     0.00019238
-696     0.00023728
-692     0.00031278
-688     0.00038972
-684      0.0005023
-680     0.00059516
-676     0.00072722
-672      0.0008974
-668     0.00105336
-664     0.00126696
-660     0.00149676
-656     0.00178656
-652      0.0020158
-648     0.00234872
-644     0.00266932
-640      0.0030349
-636     0.00340408
-632      0.0038971
-628      0.0043928
-624     0.00491976
-620     0.00550108
-616     0.00621262
-612     0.00684584
-608     0.00753332
-604     0.00832008
-600      0.0090524
-596     0.00976122
-592      0.0106599
-588      0.0114571
-584       0.012283
-580      0.0131459
-576      0.0140657
-572      0.0149275
-568       0.016006
-564       0.016986
-560      0.0178337
-556      0.0189611
-552      0.0199898
-548      0.0209591
-544      0.0220005
-540      0.0228578
-536      0.0238506
-532      0.0245645
-528      0.0252472
-524      0.0258426
-520      0.0264439
-516      0.0270043
-512      0.0271512
-508      0.0275182
-504      0.0276619
-500      0.0278267
-496      0.0277589
-492      0.0274334
-488      0.0270803
-484      0.0264183
-480      0.0260713
-476      0.0252569
-472      0.0241871
-468      0.0229675
-464      0.0218768
-460      0.0205356
-456       0.019172
-452      0.0177922
-448      0.0163984
-444       0.014833
-440      0.0135925
-436      0.0122578
-432      0.0108259
-428      0.0095399
-424     0.00846028
-420      0.0073007
-416     0.00630132
-412     0.00540024
-408     0.00452822
-404     0.00378364
-400     0.00315064
-396     0.00257042
-392     0.00209762
-388     0.00164386
-384      0.0013156
-380     0.00105442
-376     0.00079856
-372     0.00060862
-368      0.0004613
-364     0.00034928
-360     0.00026446
-356      0.0002199
-352      0.0001614
-348     0.00011972
-344      7.992e-05
-340      6.182e-05
-336      4.178e-05
-332      2.512e-05
-328       1.66e-05
-324       9.04e-06
-320       5.24e-06
-316       4.92e-06
-312       2.94e-06
-308        1.2e-06
-304       2.74e-06
-300        1.8e-06
-296       1.44e-06
-292        7.8e-07
-288        1.8e-07
-284        7.6e-07
-280        9.2e-07
-276        1.2e-06
-272        9.2e-07
-268          3e-07
-260          4e-08
-252        1.6e-07
-248        1.2e-07
-244          6e-08
-240          2e-08
-236        4.4e-07
-232        4.8e-07
-228        1.4e-07
-224          1e-07
-220          8e-08
-216        2.8e-07
-212        1.2e-07
-208        1.4e-07
-204          4e-08
-196          2e-08
-192          2e-07
-188          1e-07
-184          4e-08
-180          8e-08
-176          6e-08
-172        2.6e-07
-168        1.6e-07
-164        1.8e-07
-160          5e-07
-156          6e-07
-152        1.2e-07
-148          6e-08
-144          6e-08
-140          8e-08
-136          2e-07
-132          4e-08
-128        2.4e-07
-124          8e-08
-120        2.6e-07
-116          4e-08
-112        1.2e-07
-108        1.2e-07
-104        1.4e-07
-100        3.6e-07
-96          6e-08
-92          4e-08
-84          2e-08
-76          2e-08
-72          6e-08
-68          4e-08
-64          2e-08
0        1.4e-07
