Gaussian elemination results for a tridiagonal matrix of size n=500.
We have x(0)=0 and x_(n+1)=1.

-------------------------------------------------------------------------------
x value                     num. solution       exact solution      relative error
-------------------------------------------------------------------------------
x1      0.001996007984       0.01776568902       0.01776627886         -4.47885093
x2      0.003992015968       0.03514084661       0.03514201332         -4.47885093
x3      0.005988023952       0.05213319053       0.05213492139         -4.47885093
x4      0.007984031936       0.06875028601       0.06875256857         -4.47885093
x5       0.00998003992       0.08499954878       0.08500237084         -4.47885093
x6        0.0119760479         0.100888248        0.1008915976         -4.47885093
x7       0.01397205589        0.1164235093        0.1164273747         -4.47885093
x8       0.01596806387        0.1316123173        0.1316166869         -4.47885093
x9       0.01796407186        0.1464615187        0.1464663813         -4.47885093
x10       0.01996007984        0.1609778248        0.1609831694         -4.47885093
x11       0.02195608782        0.1751678144        0.1751736302         -4.47885093
x12       0.02395209581        0.1890379363        0.1890442126         -4.47885093
x13       0.02594810379        0.2025945118        0.2026012381         -4.47885093
x14       0.02794411178        0.2158437371        0.2158509033         -4.47885093
x15       0.02994011976        0.2287916862        0.2287992823         -4.47885093
x16       0.03193612774         0.241444313        0.2414523292         -4.47885093
x17       0.03393213573        0.2538074537        0.2538158803         -4.47885093
x18       0.03592814371        0.2658868292        0.2658956569         -4.47885093
x19        0.0379241517        0.2776880473        0.2776972668         -4.47885093
x20       0.03992015968        0.2892166051        0.2892262073         -4.47885093
x21       0.04191616766        0.3004778908        0.3004878669         -4.47885093
x22       0.04391217565        0.3114771863        0.3114875276         -4.47885093
x23       0.04590818363        0.3222196692        0.3222303672         -4.47885093
x24       0.04790419162        0.3327104147         0.332721461         -4.47885093
x25        0.0499001996        0.3429543976         0.342965784         -4.47885093
x26       0.05189620758        0.3529564945        0.3529682129         -4.47885093
x27       0.05389221557        0.3627214856        0.3627335282         -4.47885093
x28       0.05588822355        0.3722540566        0.3722664158         -4.47885093
x29       0.05788423154        0.3815588007        0.3815714688         -4.47885093
x30       0.05988023952        0.3906402202        0.3906531898         -4.47885093
x31        0.0618762475        0.3995027285        0.3995159923         -4.47885093
x32       0.06387225549        0.4081506518        0.4081642027         -4.47885093
x33       0.06586826347        0.4165882307        0.4166020618         -4.47885093
x34       0.06786427146        0.4248196221        0.4248337265         -4.47885093
x35       0.06986027944        0.4328489008        0.4328632717         -4.47885093
x36       0.07185628743        0.4406800608        0.4406946918         -4.47885093
x37       0.07385229541        0.4483170176        0.4483319021         -4.47885093
x38       0.07584830339        0.4557636089        0.4557787406         -4.47885093
x39       0.07784431138        0.4630235968        0.4630389696         -4.47885093
x40       0.07984031936         0.470100669        0.4701162768         -4.47885093
x41       0.08183632735        0.4769984403        0.4770142771         -4.47885093
x42       0.08383233533        0.4837204541        0.4837365141         -4.47885093
x43       0.08582834331        0.4902701838        0.4902864612         -4.47885093
x44        0.0878243513         0.496651034        0.4966675232         -4.47885093
x45       0.08982035928        0.5028663422        0.5028830377         -4.47885093
x46       0.09181636727        0.5089193798        0.5089362764        -4.478850931
x47       0.09381237525        0.5148133537         0.514830446        -4.478850931
x48       0.09580838323        0.5205514074        0.5205686901        -4.478850931
x49       0.09780439122        0.5261366221        0.5261540903        -4.478850931
x50        0.0998003992        0.5315720183        0.5315896669        -4.478850931
x51        0.1017964072        0.5368605567         0.536878381        -4.478850931
x52        0.1037924152        0.5420051396        0.5420231347        -4.478850931
x53        0.1057884232        0.5470086119         0.547026773        -4.478850931
x54        0.1077844311        0.5518737621        0.5518920848        -4.478850931
x55        0.1097804391        0.5566033239        0.5566218036        -4.478850931
x56        0.1117764471        0.5611999768        0.5612186091        -4.478850931
x57        0.1137724551        0.5656663473        0.5656851279        -4.478850931
x58        0.1157684631        0.5700050101        0.5700239347        -4.478850931
x59        0.1177644711         0.574218489        0.5742375535        -4.478850931
x60         0.119760479        0.5783092579        0.5783284582        -4.478850931
x61         0.121756487        0.5822797418         0.582299074        -4.478850931
x62         0.123752495        0.5861323178        0.5861517779        -4.478850931
x63         0.125748503        0.5898693161        0.5898889003        -4.478850931
x64         0.127744511        0.5934930207        0.5935127252        -4.478850931
x65         0.129740519        0.5970056705        0.5970254916        -4.478850931
x66        0.1317365269        0.6004094603        0.6004293944        -4.478850931
x67        0.1337325349        0.6037065412        0.6037265848        -4.478850931
x68        0.1357285429        0.6068990223        0.6069191718        -4.478850931
x69        0.1377245509        0.6099889704        0.6100092226        -4.478850931
x70        0.1397205589        0.6129784121        0.6129987635        -4.478850931
x71        0.1417165669        0.6158693334        0.6158897807        -4.478850931
x72        0.1437125749        0.6186636813        0.6186842214        -4.478850931
x73        0.1457085828        0.6213633644        0.6213839941        -4.478850931
x74        0.1477045908        0.6239702534        0.6239909697        -4.478850931
x75        0.1497005988        0.6264861821         0.626506982        -4.478850931
x76        0.1516966068        0.6289129482        0.6289338286        -4.478850931
x77        0.1536926148        0.6312523137        0.6312732718        -4.478850931
x78        0.1556886228        0.6335060057        0.6335270386        -4.478850931
x79        0.1576846307        0.6356757174        0.6356968224        -4.478850931
x80        0.1596806387        0.6377631085        0.6377842828        -4.478850931
x81        0.1616766467        0.6397698058        0.6397910467        -4.478850931
x82        0.1636726547        0.6416974039        0.6417187087        -4.478850931
x83        0.1656686627         0.643547466        0.6435688323        -4.478850931
x84        0.1676646707        0.6453215244        0.6453429496        -4.478850931
x85        0.1696606786        0.6470210811        0.6470425628        -4.478850931
x86        0.1716566866        0.6486476085        0.6486691441        -4.478850931
x87        0.1736526946        0.6502025497         0.650224137        -4.478850931
x88        0.1756487026        0.6516873195         0.651708956        -4.478850931
x89        0.1776447106        0.6531033045        0.6531249881        -4.478850931
x90        0.1796407186        0.6544518642        0.6544735925        -4.478850931
x91        0.1816367265        0.6557343309        0.6557561019        -4.478850931
x92        0.1836327345        0.6569520109        0.6569738223        -4.478850931
x93        0.1856287425        0.6581061845        0.6581280342        -4.478850931
x94        0.1876247505        0.6591981067        0.6592199926        -4.478850931
x95        0.1896207585        0.6602290077        0.6602509278        -4.478850931
x96        0.1916167665        0.6612000934        0.6612220458        -4.478850931
x97        0.1936127745        0.6621125459        0.6621345286        -4.478850931
x98        0.1956087824         0.662967524        0.6629895351        -4.478850931
x99        0.1976047904        0.6637661634         0.663788201        -4.478850931
x100        0.1996007984        0.6645095775        0.6645316398        -4.478850931
x101        0.2015968064        0.6651988578        0.6652209429        -4.478850931
x102        0.2035928144        0.6658350739        0.6658571802        -4.478850931
x103        0.2055888224        0.6664192747        0.6664414003        -4.478850931
x104        0.2075848303        0.6669524879        0.6669746313        -4.478850931
x105        0.2095808383        0.6674357213        0.6674578807        -4.478850931
x106        0.2115768463        0.6678699625        0.6678921363        -4.478850931
x107        0.2135728543        0.6682561797        0.6682783664        -4.478850931
x108        0.2155688623        0.6685953221          0.66861752        -4.478850931
x109        0.2175648703        0.6688883199        0.6689105275        -4.478850931
x110        0.2195608782        0.6691360849        0.6691583008        -4.478850931
x111        0.2215568862        0.6693395112        0.6693617338        -4.478850931
x112        0.2235528942         0.669499475        0.6695217029        -4.478850931
x113        0.2255489022        0.6696168351        0.6696390669        -4.478850931
x114        0.2275449102        0.6696924335        0.6697146678        -4.478850931
x115        0.2295409182        0.6697270955         0.669749331        -4.478850931
x116        0.2315369261        0.6697216301        0.6697438654        -4.478850931
x117        0.2335329341        0.6696768303        0.6696990642        -4.478850931
x118        0.2355289421        0.6695934735        0.6696157046        -4.478850931
x119        0.2375249501        0.6694723216        0.6694945486        -4.478850931
x120        0.2395209581        0.6693141215        0.6693363433        -4.478850931
x121        0.2415169661        0.6691196054        0.6691418207        -4.478850931
x122        0.2435129741        0.6688894909        0.6689116986        -4.478850931
x123         0.245508982        0.6686244816        0.6686466805        -4.478850931
x124          0.24750499        0.6683252671        0.6683474561        -4.478850931
x125         0.249500998        0.6679925233        0.6680147012        -4.478850931
x126         0.251497006        0.6676269129        0.6676490787        -4.478850931
x127         0.253493014        0.6672290853        0.6672512379        -4.478850931
x128         0.255489022        0.6667996773        0.6668218156        -4.478850931
x129        0.2574850299        0.6663393129        0.6663614359        -4.478850931
x130        0.2594810379        0.6658486039        0.6658707107        -4.478850931
x131        0.2614770459        0.6653281501        0.6653502395        -4.478850931
x132        0.2634730539        0.6647785391        0.6648006103        -4.478850931
x133        0.2654690619        0.6642003472        0.6642223992        -4.478850931
x134        0.2674650699        0.6635941393        0.6636161712        -4.478850931
x135        0.2694610778         0.662960469        0.6629824798        -4.478850931
x136        0.2714570858         0.662299879        0.6623218679        -4.478850931
x137        0.2734530938        0.6616129013        0.6616348674        -4.478850931
x138        0.2754491018        0.6609000574        0.6609219998        -4.478850931
x139        0.2774451098        0.6601618584        0.6601837764        -4.478850931
x140        0.2794411178        0.6593988055        0.6594206981        -4.478850931
x141        0.2814371257        0.6586113898        0.6586332563        -4.478850931
x142        0.2834331337        0.6578000927        0.6578219323        -4.478850931
x143        0.2854291417        0.6569653863        0.6569871981        -4.478850931
x144        0.2874251497        0.6561077331        0.6561295164        -4.478850931
x145        0.2894211577        0.6552275866        0.6552493407        -4.478850931
x146        0.2914171657        0.6543253913        0.6543471155        -4.478850931
x147        0.2934131737         0.653401583        0.6534232765        -4.478850931
x148        0.2954091816        0.6524565888        0.6524782509        -4.478850931
x149        0.2974051896        0.6514908273        0.6515124573        -4.478850931
x150        0.2994011976         0.650504709        0.6505263063        -4.478850931
x151        0.3013972056        0.6494986361           0.6495202        -4.478850931
x152        0.3033932136        0.6484730031        0.6484945329        -4.478850931
x153        0.3053892216        0.6474281964        0.6474496916        -4.478850931
x154        0.3073852295         0.646364595        0.6463860549        -4.478850931
x155        0.3093812375        0.6452825703        0.6453039942        -4.478850931
x156        0.3113772455        0.6441824864        0.6442038738        -4.478850931
x157        0.3133732535        0.6430647001        0.6430860504        -4.478850931
x158        0.3153692615        0.6419295614         0.641950874        -4.478850931
x159        0.3173652695        0.6407774131        0.6407986874        -4.478850931
x160        0.3193612774        0.6396085914        0.6396298269        -4.478850931
x161        0.3213572854        0.6384234257        0.6384446219        -4.478850931
x162        0.3233532934        0.6372222392        0.6372433955        -4.478850931
x163        0.3253493014        0.6360053483        0.6360264642        -4.478850931
x164        0.3273453094        0.6347730634        0.6347941384        -4.478850931
x165        0.3293413174        0.6335256888        0.6335467224        -4.478850931
x166        0.3313373253        0.6322635227        0.6322845144        -4.478850931
x167        0.3333333333        0.6309868573        0.6310078066        -4.478850931
x168        0.3353293413        0.6296959793        0.6297168857        -4.478850931
x169        0.3373253493        0.6283911694        0.6284120325        -4.478850931
x170        0.3393213573        0.6270727031        0.6270935224        -4.478850931
x171        0.3413173653        0.6257408501        0.6257616252        -4.478850931
x172        0.3433133733        0.6243958751        0.6244166055        -4.478850931
x173        0.3453093812        0.6230380373        0.6230587227        -4.478850931
x174        0.3473053892         0.621667591        0.6216882309        -4.478850931
x175        0.3493013972        0.6202847853        0.6203053793        -4.478850931
x176        0.3512974052        0.6188898645        0.6189104121        -4.478850931
x177        0.3532934132         0.617483068        0.6175035689        -4.478850931
x178        0.3552894212        0.6160646304        0.6160850843        -4.478850931
x179        0.3572854291        0.6146347819        0.6146551883        -4.478850931
x180        0.3592814371         0.613193748        0.6132141066        -4.478850931
x181        0.3612774451        0.6117417497          0.61176206        -4.478850931
x182        0.3632734531        0.6102790036        0.6102992654        -4.478850931
x183        0.3652694611        0.6088057222        0.6088259351        -4.478850931
x184        0.3672654691        0.6073221137        0.6073422773        -4.478850931
x185         0.369261477        0.6058283821        0.6058484961        -4.478850931
x186         0.371257485        0.6043247276        0.6043447916        -4.478850931
x187         0.373253493        0.6028113461          0.60283136        -4.478850931
x188         0.375249501          0.60128843        0.6013083933        -4.478850931
x189         0.377245509        0.5997561677        0.5997760801        -4.478850931
x190         0.379241517        0.5982147439        0.5982346051        -4.478850931
x191         0.381237525        0.5966643395        0.5966841493        -4.478850931
x192        0.3832335329        0.5951051322        0.5951248902        -4.478850931
x193        0.3852295409        0.5935372958        0.5935570017        -4.478850931
x194        0.3872255489        0.5919610009        0.5919806545        -4.478850931
x195        0.3892215569        0.5903764146        0.5903960156        -4.478850931
x196        0.3912175649        0.5887837009         0.588803249        -4.478850931
x197        0.3932135729        0.5871830203        0.5872025152        -4.478850931
x198        0.3952095808        0.5855745302        0.5855939718        -4.478850931
x199        0.3972055888         0.583958385         0.583977773        -4.478850931
x200        0.3992015968        0.5823347361        0.5823540701        -4.478850931
x201        0.4011976048        0.5807037315        0.5807230114        -4.478850931
x202        0.4031936128        0.5790655169        0.5790847423        -4.478850931
x203        0.4051896208        0.5774202345        0.5774394053        -4.478850931
x204        0.4071856287        0.5757680241        0.5757871401        -4.478850931
x205        0.4091816367        0.5741090226        0.5741280835        -4.478850931
x206        0.4111776447        0.5724433643        0.5724623699        -4.478850931
x207        0.4131736527        0.5707711806        0.5707901307        -4.478850931
x208        0.4151696607        0.5690926005        0.5691114949        -4.478850931
x209        0.4171656687        0.5674077505        0.5674265889        -4.478850931
x210        0.4191616766        0.5657167543        0.5657355366        -4.478850931
x211        0.4211576846        0.5640197336        0.5640384596        -4.478850931
x212        0.4231536926        0.5623168074        0.5623354768        -4.478850931
x213        0.4251497006        0.5606080923        0.5606267049        -4.478850931
x214        0.4271457086        0.5588937027        0.5589122585        -4.478850931
x215        0.4291417166        0.5571737509        0.5571922495        -4.478850931
x216        0.4311377246        0.5554483467         0.555466788        -4.478850931
x217        0.4331337325        0.5537175979        0.5537359817        -4.478850931
x218        0.4351297405          0.55198161        0.5519999363        -4.478850931
x219        0.4371257485        0.5502404867        0.5502587552        -4.478850931
x220        0.4391217565        0.5484943294        0.5485125399        -4.478850931
x221        0.4411177645        0.5467432376          0.54676139        -4.478850931
x222        0.4431137725        0.5449873089        0.5450054029        -4.478850931
x223        0.4451097804        0.5432266387        0.5432446743        -4.478850931
x224        0.4471057884        0.5414613209        0.5414792978        -4.478850931
x225        0.4491017964        0.5396914472        0.5397093654        -4.478850931
x226        0.4510978044        0.5379171077         0.537934967        -4.478850931
x227        0.4530938124        0.5361383906        0.5361561908        -4.478850931
x228        0.4550898204        0.5343553825        0.5343731235        -4.478850931
x229        0.4570858283        0.5325681681        0.5325858499        -4.478850931
x230        0.4590818363        0.5307768307        0.5307944529        -4.478850931
x231        0.4610778443        0.5289814516        0.5289990142        -4.478850931
x232        0.4630738523        0.5271821107        0.5271996136        -4.478850931
x233        0.4650698603        0.5253788863        0.5253963294        -4.478850931
x234        0.4670658683        0.5235718553        0.5235892383        -4.478850931
x235        0.4690618762        0.5217610927        0.5217784156        -4.478850931
x236        0.4710578842        0.5199466724         0.519963935        -4.478850931
x237        0.4730538922        0.5181286666        0.5181458689        -4.478850931
x238        0.4750499002        0.5163071461         0.516324288        -4.478850931
x239        0.4770459082        0.5144821806        0.5144992618        -4.478850931
x240        0.4790419162        0.5126538379        0.5126708585        -4.478850931
x241        0.4810379242        0.5108221849        0.5108391447        -4.478850931
x242        0.4830339321         0.508987287        0.5090041858        -4.478850931
x243        0.4850299401        0.5071492084        0.5071660461        -4.478850931
x244        0.4870259481        0.5053080117        0.5053247884        -4.478850931
x245        0.4890219561        0.5034637588        0.5034804742        -4.478850931
x246        0.4910179641          0.50161651        0.5016331641        -4.478850931
x247        0.4930139721        0.4997663244        0.4997829171        -4.478850931
x248          0.49500998        0.4979132602        0.4979297913        -4.478850931
x249         0.497005988        0.4960573742        0.4960738437        -4.478850931
x250         0.499001996        0.4941987222          0.49421513        -4.478850931
x251         0.500998004        0.4923373588        0.4923537048        -4.478850931
x252         0.502994012        0.4904733377        0.4904896218        -4.478850931
x253          0.50499002        0.4886067113        0.4886229334        -4.478850931
x254        0.5069860279        0.4867375311        0.4867536912        -4.478850931
x255        0.5089820359        0.4848658476        0.4848819456        -4.478850931
x256        0.5109780439        0.4829917104        0.4830077461        -4.478850931
x257        0.5129740519        0.4811151678        0.4811311412        -4.478850931
x258        0.5149700599        0.4792362673        0.4792521784        -4.478850931
x259        0.5169660679        0.4773550557        0.4773709043        -4.478850931
x260        0.5189620758        0.4754715786        0.4754873646        -4.478850931
x261        0.5209580838        0.4735858807        0.4736016041        -4.478850931
x262        0.5229540918        0.4716980059        0.4717136667        -4.478850931
x263        0.5249500998        0.4698079973        0.4698235953        -4.478850931
x264        0.5269461078         0.467915897        0.4679314322        -4.478850931
x265        0.5289421158        0.4660217464        0.4660372187        -4.478850931
x266        0.5309381238        0.4641255859        0.4641409953        -4.478850931
x267        0.5329341317        0.4622274553        0.4622428017        -4.478850931
x268        0.5349301397        0.4603273936        0.4603426768        -4.478850931
x269        0.5369261477        0.4584254388        0.4584406589        -4.478850931
x270        0.5389221557        0.4565216285        0.4565367854        -4.478850931
x271        0.5409181637        0.4546159992        0.4546310928        -4.478850931
x272        0.5429141717        0.4527085869        0.4527236173        -4.478850931
x273        0.5449101796        0.4507994269        0.4508143939        -4.478850931
x274        0.5469061876        0.4488885537        0.4489034572        -4.478850931
x275        0.5489021956        0.4469760012        0.4469908412        -4.478850931
x276        0.5508982036        0.4450618024        0.4450765789        -4.478850931
x277        0.5528942116        0.4431459901        0.4431607029        -4.478850931
x278        0.5548902196         0.441228596        0.4412432452        -4.478850931
x279        0.5568862275        0.4393096514        0.4393242369        -4.478850931
x280        0.5588822355         0.437389187        0.4374037087        -4.478850931
x281        0.5608782435        0.4354672328        0.4354816907        -4.478850931
x282        0.5628742515        0.4335438182        0.4335582122        -4.478850931
x283        0.5648702595        0.4316189721        0.4316333022        -4.478850931
x284        0.5668662675        0.4296927228        0.4297069889        -4.478850931
x285        0.5688622754         0.427765098        0.4277793002        -4.478850931
x286        0.5708582834        0.4258361249         0.425850263        -4.478850931
x287        0.5728542914        0.4239058301        0.4239199042        -4.478850931
x288        0.5748502994        0.4219742399        0.4219882498        -4.478850931
x289        0.5768463074        0.4200413796        0.4200553254        -4.478850931
x290        0.5788423154        0.4181072746        0.4181211561        -4.478850931
x291        0.5808383234        0.4161719493        0.4161857665        -4.478850931
x292        0.5828343313        0.4142354278        0.4142491808        -4.478850931
x293        0.5848303393        0.4122977339        0.4123114226        -4.478850931
x294        0.5868263473        0.4103588907         0.410372515        -4.478850931
x295        0.5888223553        0.4084189209        0.4084324808        -4.478850931
x296        0.5908183633        0.4064778467        0.4064913421        -4.478850931
x297        0.5928143713        0.4045356901         0.404549121        -4.478850931
x298        0.5948103792        0.4025924723        0.4026058387        -4.478850931
x299        0.5968063872        0.4006482143        0.4006615162        -4.478850931
x300        0.5988023952        0.3987029368        0.3987161741        -4.478850931
x301        0.6007984032        0.3967566598        0.3967698325        -4.478850931
x302        0.6027944112        0.3948094032        0.3948225112        -4.478850931
x303        0.6047904192        0.3928611861        0.3928742295        -4.478850931
x304        0.6067864271        0.3909120278        0.3909250064        -4.478850931
x305        0.6087824351        0.3889619467        0.3889748605        -4.478850931
x306        0.6107784431         0.387010961        0.3870238101        -4.478850931
x307        0.6127744511        0.3850590888        0.3850718731        -4.478850931
x308        0.6147704591        0.3831063474        0.3831190668        -4.478850931
x309        0.6167664671        0.3811527541        0.3811654087        -4.478850931
x310         0.618762475        0.3791983256        0.3792109153        -4.478850931
x311         0.620758483        0.3772430786        0.3772556034        -4.478850931
x312         0.622754491        0.3752870291         0.375299489        -4.478850931
x313         0.624750499        0.3733301931         0.373342588        -4.478850931
x314         0.626746507         0.371372586        0.3713849159        -4.478850931
x315         0.628742515        0.3694142232        0.3694264881        -4.478850931
x316         0.630738523        0.3674551195        0.3674673193        -4.478850931
x317        0.6327345309        0.3654952896        0.3655074244        -4.478850931
x318        0.6347305389        0.3635347479        0.3635468175        -4.478850931
x319        0.6367265469        0.3615735083        0.3615855128        -4.478850931
x320        0.6387225549        0.3596115848        0.3596235242        -4.478850931
x321        0.6407185629        0.3576489907         0.357660865        -4.478850931
x322        0.6427145709        0.3556857395        0.3556975485        -4.478850931
x323        0.6447105788         0.353721844        0.3537335878        -4.478850931
x324        0.6467065868        0.3517573169        0.3517689956        -4.478850931
x325        0.6487025948        0.3497921709        0.3498037843        -4.478850931
x326        0.6506986028         0.347826418        0.3478379661        -4.478850931
x327        0.6526946108        0.3458600704        0.3458715532        -4.478850931
x328        0.6546906188        0.3438931396        0.3439045572        -4.478850931
x329        0.6566866267        0.3419256374        0.3419369896        -4.478850931
x330        0.6586826347        0.3399575749        0.3399688618        -4.478850931
x331        0.6606786427        0.3379889633        0.3380001848        -4.478850931
x332        0.6626746507        0.3360198133        0.3360309695        -4.478850931
x333        0.6646706587        0.3340501357        0.3340612264        -4.478850931
x334        0.6666666667        0.3320799408        0.3320909662        -4.478850931
x335        0.6686626747        0.3301092389        0.3301201988        -4.478850932
x336        0.6706586826          0.32813804        0.3281489345        -4.478850932
x337        0.6726546906        0.3261663539        0.3261771829        -4.478850932
x338        0.6746506986        0.3241941903        0.3242049538        -4.478850932
x339        0.6766467066        0.3222215585        0.3222322566        -4.478850932
x340        0.6786427146        0.3202484679        0.3202591004        -4.478850932
x341        0.6806387226        0.3182749275        0.3182854945        -4.478850932
x342        0.6826347305        0.3163009462        0.3163114476        -4.478850932
x343        0.6846307385        0.3143265327        0.3143369686        -4.478850932
x344        0.6866267465        0.3123516955        0.3123620658        -4.478850932
x345        0.6886227545         0.310376443        0.3103867478        -4.478850932
x346        0.6906187625        0.3084007835        0.3084110227        -4.478850932
x347        0.6926147705         0.306424725        0.3064348985        -4.478850932
x348        0.6946107784        0.3044482753        0.3044583832        -4.478850932
x349        0.6966067864        0.3024714421        0.3024814844        -4.478850932
x350        0.6986027944        0.3004942332        0.3005042099        -4.478850932
x351        0.7005988024        0.2985166558        0.2985265668        -4.478850932
x352        0.7025948104        0.2965387173        0.2965485627        -4.478850932
x353        0.7045908184        0.2945604249        0.2945702045        -4.478850932
x354        0.7065868263        0.2925817854        0.2925914993        -4.478850932
x355        0.7085828343        0.2906028057         0.290612454        -4.478850932
x356        0.7105788423        0.2886234927        0.2886330753        -4.478850932
x357        0.7125748503        0.2866438528        0.2866533697        -4.478850932
x358        0.7145708583        0.2846638926        0.2846733437        -4.478850932
x359        0.7165668663        0.2826836183        0.2826930037        -4.478850932
x360        0.7185628743        0.2807030362        0.2807123558        -4.478850932
x361        0.7205588822        0.2787221524        0.2787314062        -4.478850932
x362        0.7225548902        0.2767409727        0.2767501608        -4.478850932
x363        0.7245508982        0.2747595031        0.2747686254        -4.478850932
x364        0.7265469062        0.2727777494        0.2727868058        -4.478850932
x365        0.7285429142         0.270795717        0.2708047076        -4.478850932
x366        0.7305389222        0.2688134115        0.2688223363        -4.478850932
x367        0.7325349301        0.2668308383        0.2668396973        -4.478850932
x368        0.7345309381        0.2648480028        0.2648567959        -4.478850932
x369        0.7365269461          0.26286491        0.2628736373        -4.478850932
x370        0.7385229541        0.2608815651        0.2608902265        -4.478850932
x371        0.7405189621         0.258897973        0.2589065686        -4.478850932
x372        0.7425149701        0.2569141387        0.2569226684        -4.478850932
x373         0.744510978        0.2549300669        0.2549385307        -4.478850932
x374         0.746506986        0.2529457623        0.2529541603        -4.478850932
x375         0.748502994        0.2509612295        0.2509695616        -4.478850932
x376         0.750499002         0.248976473        0.2489847393        -4.478850932
x377          0.75249501        0.2469914973        0.2469996977        -4.478850932
x378         0.754491018        0.2450063067        0.2450144411        -4.478850932
x379        0.7564870259        0.2430209054        0.2430289739        -4.478850932
x380        0.7584830339        0.2410352976        0.2410433002        -4.478850932
x381        0.7604790419        0.2390494873         0.239057424        -4.478850932
x382        0.7624750499        0.2370634787        0.2370713494        -4.478850932
x383        0.7644710579        0.2350772755        0.2350850803        -4.478850932
x384        0.7664670659        0.2330908816        0.2330986205        -4.478850932
x385        0.7684630739        0.2311043009        0.2311119738        -4.478850932
x386        0.7704590818         0.229117537        0.2291251439        -4.478850932
x387        0.7724550898        0.2271305934        0.2271381344        -4.478850932
x388        0.7744510978        0.2251434739        0.2251509488        -4.478850932
x389        0.7764471058        0.2231561818        0.2231635907        -4.478850932
x390        0.7784431138        0.2211687205        0.2211760635        -4.478850932
x391        0.7804391218        0.2191810934        0.2191883704        -4.478850932
x392        0.7824351297        0.2171933039        0.2172005149        -4.478850932
x393        0.7844311377         0.215205355           0.2152125        -4.478850931
x394        0.7864271457        0.2132172499        0.2132243289        -4.478850931
x395        0.7884231537        0.2112289918        0.2112360047        -4.478850931
x396        0.7904191617        0.2092405836        0.2092475305        -4.478850931
x397        0.7924151697        0.2072520283        0.2072589092        -4.478850931
x398        0.7944111776        0.2052633288        0.2052701437        -4.478850931
x399        0.7964071856         0.203274488        0.2032812369        -4.478850931
x400        0.7984031936        0.2012855087        0.2012921915        -4.478850931
x401        0.8003992016        0.1992963935        0.1993030103        -4.478850931
x402        0.8023952096        0.1973071453         0.197313696        -4.478850931
x403        0.8043912176        0.1953177665        0.1953242513        -4.478850931
x404        0.8063872255        0.1933282599        0.1933346786        -4.478850931
x405        0.8083832335        0.1913386279        0.1913449805        -4.478850931
x406        0.8103792415        0.1893488729        0.1893551595        -4.478850931
x407        0.8123752495        0.1873589975         0.187365218        -4.478850931
x408        0.8143712575         0.185369004        0.1853751584        -4.478850931
x409        0.8163672655        0.1833788948        0.1833849831        -4.478850931
x410        0.8183632735         0.181388672        0.1813946943        -4.478850931
x411        0.8203592814        0.1793983381        0.1794042943        -4.478850931
x412        0.8223552894        0.1774078951        0.1774137852        -4.478850931
x413        0.8243512974        0.1754173452        0.1754231692        -4.478850931
x414        0.8263473054        0.1734266906        0.1734324485        -4.478850931
x415        0.8283433134        0.1714359333        0.1714416251        -4.478850931
x416        0.8303393214        0.1694450753         0.169450701        -4.478850931
x417        0.8323353293        0.1674541186        0.1674596782        -4.478850931
x418        0.8343313373        0.1654630652        0.1654685587        -4.478850931
x419        0.8363273453         0.163471917        0.1634773444        -4.478850931
x420        0.8383233533        0.1614806759        0.1614860372        -4.478850931
x421        0.8403193613        0.1594893437        0.1594946388        -4.478850931
x422        0.8423153693        0.1574979221        0.1575031512        -4.478850931
x423        0.8443113772         0.155506413         0.155511576        -4.478850931
x424        0.8463073852        0.1535148181         0.153519915        -4.478850931
x425        0.8483033932        0.1515231391        0.1515281698        -4.478850931
x426        0.8502994012        0.1495313777        0.1495363422        -4.478850931
x427        0.8522954092        0.1475395354        0.1475444338        -4.478850931
x428        0.8542914172        0.1455476139        0.1455524462        -4.478850931
x429        0.8562874251        0.1435556147        0.1435603809        -4.478850931
x430        0.8582834331        0.1415635395        0.1415682395        -4.478850931
x431        0.8602794411        0.1395713896        0.1395760235        -4.478850931
x432        0.8622754491        0.1375791665        0.1375837343        -4.478850931
x433        0.8642714571        0.1355868718        0.1355913734        -4.478850931
x434        0.8662674651        0.1335945068        0.1335989422        -4.478850931
x435        0.8682634731        0.1316020729        0.1316064422        -4.478850931
x436         0.870259481        0.1296095714        0.1296138746        -4.478850931
x437         0.872255489        0.1276170038        0.1276212408        -4.478850931
x438         0.874251497        0.1256243713        0.1256285421        -4.478850931
x439         0.876247505        0.1236316751        0.1236357798        -4.478850931
x440         0.878243513        0.1216389166        0.1216429551        -4.478850931
x441         0.880239521         0.119646097        0.1196500694        -4.478850931
x442        0.8822355289        0.1176532175        0.1176571237        -4.478850931
x443        0.8842315369        0.1156602793        0.1156641193        -4.478850931
x444        0.8862275449        0.1136672835        0.1136710573        -4.478850931
x445        0.8882235529        0.1116742313        0.1116779389        -4.478850932
x446        0.8902195609        0.1096811237        0.1096847652        -4.478850931
x447        0.8922155689         0.107687962        0.1076915373        -4.478850932
x448        0.8942115768        0.1056947471        0.1056982562        -4.478850932
x449        0.8962075848        0.1037014801         0.103704923        -4.478850932
x450        0.8982035928         0.101708162        0.1017115388        -4.478850932
x451        0.9001996008       0.09971479386       0.09971810448        -4.478850932
x452        0.9021956088       0.09772137667        0.0977246211        -4.478850932
x453        0.9041916168       0.09572791137       0.09573108962        -4.478850932
x454        0.9061876248       0.09373439893       0.09373751099        -4.478850932
x455        0.9081836327       0.09174084026       0.09174388614        -4.478850932
x456        0.9101796407        0.0897472363       0.08975021598        -4.478850931
x457        0.9121756487       0.08775358792       0.08775650142        -4.478850932
x458        0.9141716567       0.08575989602       0.08576274332        -4.478850931
x459        0.9161676647       0.08376616145       0.08376894255        -4.478850932
x460        0.9181636727       0.08177238504       0.08177509996        -4.478850931
x461        0.9201596806       0.07977856764       0.07978121636        -4.478850931
x462        0.9221556886       0.07778471005       0.07778729257        -4.478850932
x463        0.9241516966       0.07579081306       0.07579332938        -4.478850931
x464        0.9261477046       0.07379687745       0.07379932757        -4.478850931
x465        0.9281437126       0.07180290399       0.07180528791        -4.478850931
x466        0.9301397206       0.06980889342       0.06981121114        -4.478850931
x467        0.9321357285       0.06781484648       0.06781709799        -4.478850931
x468        0.9341317365       0.06582076389       0.06582294919        -4.478850931
x469        0.9361277445       0.06382664634       0.06382876544        -4.478850931
x470        0.9381237525       0.06183249454       0.06183454743        -4.478850931
x471        0.9401197605       0.05983830916       0.05984029584        -4.478850931
x472        0.9421157685       0.05784409085       0.05784601133        -4.478850931
x473        0.9441117764       0.05584984028       0.05585169454        -4.478850931
x474        0.9461077844       0.05385555808       0.05385734613        -4.478850931
x475        0.9481037924       0.05186124488       0.05186296671        -4.478850931
x476        0.9500998004       0.04986690128        0.0498685569        -4.478850931
x477        0.9520958084       0.04787252789        0.0478741173        -4.478850931
x478        0.9540918164        0.0458781253       0.04587964849        -4.478850931
x479        0.9560878244       0.04388369408       0.04388515105        -4.478850931
x480        0.9580838323        0.0418892348       0.04189062556        -4.478850931
x481        0.9600798403       0.03989474802       0.03989607255        -4.478850931
x482        0.9620758483       0.03790023427       0.03790149259        -4.478850931
x483        0.9640718563        0.0359056941       0.03590688619        -4.478850931
x484        0.9660678643       0.03391112801       0.03391225389        -4.478850931
x485        0.9680638723       0.03191653654       0.03191759619        -4.478850931
x486        0.9700598802       0.02992192017        0.0299229136        -4.478850931
x487        0.9720558882        0.0279272794       0.02792820661        -4.478850931
x488        0.9740518962       0.02593261471       0.02593347569        -4.478850931
x489        0.9760479042       0.02393792657       0.02393872133        -4.478850931
x490        0.9780439122       0.02194321546       0.02194394399        -4.478850931
x491        0.9800399202       0.01994848181       0.01994914412        -4.478850931
x492        0.9820359281       0.01795372608       0.01795432216        -4.478850931
x493        0.9840319361        0.0159589487       0.01595947855        -4.478850931
x494        0.9860279441       0.01396415011       0.01396461373        -4.478850931
x495        0.9880239521       0.01196933071        0.0119697281        -4.478850931
x496        0.9900199601      0.009974490927      0.009974822089        -4.478850931
x497        0.9920159681      0.007979631157      0.007979896087        -4.478850931
x498         0.994011976      0.005984751796      0.005984950494        -4.478850931
x499         0.996007984      0.003989853231      0.003989985697        -4.478850931
x500         0.998003992      0.001994935841      0.001995002075        -4.478850931

Maximum relative error: -4.478850932 for i=353.
Operation time: 1.3e-05s


ヽ(°〇°)ﾉ 
