Gaussian elemination results for a tridiagonal matrix of size n=1000.
We have x(0)=0 and x_(n+1)=1.

-------------------------------------------------------------------------------
x value                     num. solution       exact solution      relative error
-------------------------------------------------------------------------------
x1      0.000999000999      0.008941245587      0.008941319949        -5.080047955
x2      0.001998001998       0.01778368292       0.01778383082        -5.080047955
x3      0.002997002997       0.02652829417        0.0265285148        -5.080047955
x4      0.003996003996       0.03517605177       0.03517634432        -5.080047955
x5      0.004995004995       0.04372791846       0.04372828213        -5.080047955
x6      0.005994005994       0.05218484743       0.05218528143        -5.080047955
x7      0.006993006993       0.06054778238       0.06054828594        -5.080047955
x8      0.007992007992       0.06881765764       0.06881822998        -5.080047955
x9      0.008991008991       0.07699539825        0.0769960386        -5.080047955
x10       0.00999000999       0.08508192005       0.08508262766        -5.080047956
x11       0.01098901099       0.09307812979       0.09307890389        -5.080047955
x12       0.01198801199        0.1009849252         0.100985765        -5.080047956
x13       0.01298701299         0.108803195        0.1088040999        -5.080047955
x14       0.01398601399        0.1165338193        0.1165347885        -5.080047955
x15       0.01498501499        0.1241776693         0.124178702        -5.080047955
x16       0.01598401598        0.1317356074         0.131736703        -5.080047955
x17       0.01698301698        0.1392084878        0.1392096455        -5.080047955
x18       0.01798201798        0.1465971558         0.146598375        -5.080047955
x19       0.01898101898        0.1539024487        0.1539037286        -5.080047955
x20       0.01998001998        0.1611251951        0.1611265351        -5.080047955
x21       0.02097902098        0.1682662156         0.168267615        -5.080047955
x22       0.02197802198        0.1753263226        0.1753277807        -5.080047955
x23       0.02297702298        0.1823063203        0.1823078365        -5.080047955
x24       0.02397602398        0.1892070052        0.1892085788        -5.080047955
x25       0.02497502498        0.1960291655        0.1960307958        -5.080047956
x26       0.02597402597        0.2027735819        0.2027752683        -5.080047955
x27       0.02697302697        0.2094410271        0.2094427689        -5.080047956
x28       0.02797202797        0.2160322662        0.2160340629        -5.080047955
x29       0.02897102897        0.2225480568        0.2225499077        -5.080047956
x30       0.02997002997        0.2289891488        0.2289910533        -5.080047956
x31       0.03096903097        0.2353562848        0.2353582422        -5.080047956
x32       0.03196803197        0.2416501999        0.2416522096        -5.080047956
x33       0.03296703297        0.2478716219        0.2478736834        -5.080047956
x34       0.03396603397        0.2540212715        0.2540233841        -5.080047956
x35       0.03496503497         0.260099862        0.2601020252        -5.080047956
x36       0.03596403596        0.2661080999         0.266110313        -5.080047956
x37       0.03696303696        0.2720466844        0.2720489469        -5.080047956
x38       0.03796203796        0.2779163079        0.2779186193        -5.080047956
x39       0.03896103896         0.283717656        0.2837200156        -5.080047956
x40       0.03996003996        0.2894514072        0.2894538145        -5.080047956
x41       0.04095904096        0.2951182336         0.295120688        -5.080047956
x42       0.04195804196        0.3007188003        0.3007213013        -5.080047956
x43       0.04295704296         0.306253766        0.3062563131        -5.080047956
x44       0.04395604396        0.3117237829        0.3117263754        -5.080047956
x45       0.04495504496        0.3171294964        0.3171321339        -5.080047956
x46       0.04595404595        0.3224715459        0.3224742278        -5.080047956
x47       0.04695304695        0.3277505641        0.3277532899        -5.080047956
x48       0.04795204795        0.3329671776        0.3329699468        -5.080047956
x49       0.04895104895        0.3381220067        0.3381248188        -5.080047956
x50       0.04995004995        0.3432156656          0.34321852        -5.080047956
x51       0.05094905095        0.3482487623        0.3482516586        -5.080047956
x52       0.05194805195        0.3532218988        0.3532248364        -5.080047956
x53       0.05294705295        0.3581356711        0.3581386497        -5.080047956
x54       0.05394605395        0.3629906694        0.3629936883        -5.080047956
x55       0.05494505495        0.3677874779        0.3677905367        -5.080047956
x56       0.05594405594        0.3725266749        0.3725297731        -5.080047956
x57       0.05694305694        0.3772088333        0.3772119704        -5.080047956
x58       0.05794205794        0.3818345198        0.3818376954        -5.080047956
x59       0.05894105894        0.3864042959        0.3864075096        -5.080047956
x60       0.05994005994        0.3909187174        0.3909219686        -5.080047956
x61       0.06093906094        0.3953783345        0.3953816228        -5.080047956
x62       0.06193806194         0.399783692        0.3997870169        -5.080047956
x63       0.06293706294        0.4041353292        0.4041386903        -5.080047956
x64       0.06393606394        0.4084337801        0.4084371769        -5.080047956
x65       0.06493506494        0.4126795734        0.4126830055        -5.080047956
x66       0.06593406593        0.4168732325        0.4168766995        -5.080047956
x67       0.06693306693        0.4210152757        0.4210187771        -5.080047956
x68       0.06793206793         0.425106216        0.4251097515        -5.080047956
x69       0.06893106893        0.4291465614        0.4291501305        -5.080047956
x70       0.06993006993        0.4331368149        0.4331404172        -5.080047956
x71       0.07092907093        0.4370774744        0.4370811094        -5.080047956
x72       0.07192807193        0.4409690328        0.4409727002        -5.080047956
x73       0.07292707293        0.4448119782        0.4448156776        -5.080047956
x74       0.07392607393        0.4486067939        0.4486105248        -5.080047956
x75       0.07492507493        0.4523539582        0.4523577203        -5.080047956
x76       0.07592407592        0.4560539449        0.4560577378        -5.080047956
x77       0.07692307692        0.4597072229        0.4597110461        -5.080047956
x78       0.07792207792        0.4633142565        0.4633181097        -5.080047956
x79       0.07892107892        0.4668755053        0.4668793882        -5.080047956
x80       0.07992007992        0.4703914246        0.4703953367        -5.080047956
x81       0.08091908092        0.4738624649        0.4738664058        -5.080047956
x82       0.08191808192        0.4772890722        0.4772930417        -5.080047956
x83       0.08291708292        0.4806716883        0.4806756859        -5.080047956
x84       0.08391608392        0.4840107504        0.4840147758        -5.080047956
x85       0.08491508492        0.4873066916        0.4873107444        -5.080047956
x86       0.08591408591        0.4905599404        0.4905640202        -5.080047956
x87       0.08691308691        0.4937709211        0.4937750277        -5.080047956
x88       0.08791208791         0.496940054         0.496944187        -5.080047956
x89       0.08891108891        0.5000677551         0.500071914        -5.080047956
x90       0.08991008991        0.5031544361        0.5031586207        -5.080047956
x91       0.09090909091        0.5062005049        0.5062047148        -5.080047956
x92       0.09190809191        0.5092063651           0.5092106        -5.080047956
x93       0.09290709291        0.5121724164         0.512176676        -5.080047956
x94       0.09390609391        0.5150990545        0.5151033384        -5.080047956
x95       0.09490509491        0.5179866712        0.5179909792        -5.080047956
x96        0.0959040959        0.5208356544        0.5208399861        -5.080047956
x97        0.0969030969        0.5236463881        0.5236507431        -5.080047956
x98        0.0979020979        0.5264192526        0.5264236306        -5.080047956
x99        0.0989010989        0.5291546241         0.529159025        -5.080047956
x100        0.0999000999        0.5318528756        0.5318572988        -5.080047956
x101        0.1008991009        0.5345143758        0.5345188212        -5.080047956
x102        0.1018981019        0.5371394902        0.5371439574        -5.080047956
x103        0.1028971029        0.5397285804        0.5397330692        -5.080047956
x104        0.1038961039        0.5422820045        0.5422865145        -5.080047956
x105        0.1048951049        0.5448001171        0.5448046481        -5.080047956
x106        0.1058941059        0.5472832692        0.5472878208        -5.080047956
x107        0.1068931069        0.5497318082        0.5497363801        -5.080047956
x108        0.1078921079        0.5521460782        0.5521506703        -5.080047956
x109        0.1088911089        0.5545264199        0.5545310318        -5.080047956
x110        0.1098901099        0.5568731706         0.556877802        -5.080047956
x111        0.1108891109        0.5591866641        0.5591913147        -5.080047956
x112        0.1118881119         0.561467231        0.5614719006        -5.080047956
x113        0.1128871129        0.5637151987        0.5637198869        -5.080047956
x114        0.1138861139        0.5659308911        0.5659355978        -5.080047956
x115        0.1148851149        0.5681146291         0.568119354        -5.080047956
x116        0.1158841159        0.5702667304        0.5702714731        -5.080047956
x117        0.1168831169        0.5723875093        0.5723922697        -5.080047956
x118        0.1178821179        0.5744772773        0.5744820551        -5.080047956
x119        0.1188811189        0.5765363427        0.5765411375        -5.080047956
x120        0.1198801199        0.5785650105        0.5785698223        -5.080047956
x121        0.1208791209         0.580563583        0.5805684114        -5.080047956
x122        0.1218781219        0.5825323594        0.5825372041        -5.080047956
x123        0.1228771229        0.5844716357        0.5844764966        -5.080047956
x124        0.1238761239        0.5863817053        0.5863865821        -5.080047956
x125        0.1248751249        0.5882628585        0.5882677509        -5.080047956
x126        0.1258741259        0.5901153826        0.5901202905        -5.080047956
x127        0.1268731269        0.5919395624        0.5919444854        -5.080047956
x128        0.1278721279        0.5937356795        0.5937406174        -5.080047956
x129        0.1288711289        0.5955040129        0.5955089655        -5.080047956
x130        0.1298701299        0.5972448388        0.5972498059        -5.080047956
x131        0.1308691309        0.5989584305        0.5989634119        -5.080047956
x132        0.1318681319        0.6006450589        0.6006500543        -5.080047956
x133        0.1328671329        0.6023049919        0.6023100011        -5.080047956
x134        0.1338661339        0.6039384949        0.6039435177        -5.080047956
x135        0.1348651349        0.6055458306        0.6055508668        -5.080047957
x136        0.1358641359        0.6071272592        0.6071323085        -5.080047957
x137        0.1368631369        0.6086830381        0.6086881003        -5.080047957
x138        0.1378621379        0.6102134223        0.6102184973        -5.080047957
x139        0.1388611389        0.6117186642        0.6117237517        -5.080047957
x140        0.1398601399        0.6131990139        0.6132041137        -5.080047957
x141        0.1408591409        0.6146547186        0.6146598305        -5.080047957
x142        0.1418581419        0.6160860234        0.6160911473        -5.080047957
x143        0.1428571429        0.6174931709        0.6174983064        -5.080047957
x144        0.1438561439        0.6188764011        0.6188815481        -5.080047957
x145        0.1448551449        0.6202359518        0.6202411101        -5.080047957
x146        0.1458541459        0.6215720584        0.6215772278        -5.080047957
x147        0.1468531469        0.6228849539        0.6228901342        -5.080047957
x148        0.1478521479         0.624174869        0.6241800601        -5.080047957
x149        0.1488511489        0.6254420322        0.6254472339        -5.080047957
x150        0.1498501499        0.6266866697        0.6266918817        -5.080047957
x151        0.1508491508        0.6279090053        0.6279142274        -5.080047956
x152        0.1518481518        0.6291092607        0.6291144929        -5.080047956
x153        0.1528471528        0.6302876555        0.6302928974        -5.080047956
x154        0.1538461538        0.6314444069        0.6314496584        -5.080047956
x155        0.1548451548          0.63257973         0.632584991        -5.080047956
x156        0.1558441558        0.6336938379        0.6336991082        -5.080047956
x157        0.1568431568        0.6347869415        0.6347922208        -5.080047956
x158        0.1578421578        0.6358592495        0.6358645377        -5.080047956
x159        0.1588411588        0.6369109686        0.6369162656        -5.080047956
x160        0.1598401598        0.6379423035        0.6379476091        -5.080047956
x161        0.1608391608        0.6389534569        0.6389587709        -5.080047956
x162        0.1618381618        0.6399446294        0.6399499516        -5.080047956
x163        0.1628371628        0.6409160194        0.6409213498        -5.080047956
x164        0.1638361638        0.6418678238        0.6418731621        -5.080047956
x165        0.1648351648        0.6428002372        0.6428055832        -5.080047956
x166        0.1658341658        0.6437134524        0.6437188059        -5.080047956
x167        0.1668331668        0.6446076601        0.6446130211        -5.080047956
x168        0.1678321678        0.6454830493        0.6454884176        -5.080047956
x169        0.1688311688        0.6463398071        0.6463451825        -5.080047956
x170        0.1698301698        0.6471781187        0.6471835011        -5.080047956
x171        0.1708291708        0.6479981674        0.6480035566        -5.080047956
x172        0.1718281718        0.6488001348        0.6488055307        -5.080047956
x173        0.1728271728        0.6495842006         0.649589603        -5.080047956
x174        0.1738261738        0.6503505427        0.6503559515        -5.080047956
x175        0.1748251748        0.6510993374        0.6511047525        -5.080047956
x176        0.1758241758        0.6518307591        0.6518361802        -5.080047956
x177        0.1768231768        0.6525449804        0.6525504075        -5.080047956
x178        0.1778221778        0.6532421724        0.6532476052        -5.080047956
x179        0.1788211788        0.6539225042        0.6539279427        -5.080047956
x180        0.1798201798        0.6545861436        0.6545915876        -5.080047956
x181        0.1808191808        0.6552332564        0.6552387058        -5.080047956
x182        0.1818181818        0.6558640069        0.6558694615        -5.080047956
x183        0.1828171828        0.6564785578        0.6564840175        -5.080047956
x184        0.1838161838          0.65707707        0.6570825347        -5.080047956
x185        0.1848151848         0.657659703        0.6576651726        -5.080047956
x186        0.1858141858        0.6582266147         0.658232089        -5.080047956
x187        0.1868131868        0.6587779614        0.6587834402        -5.080047956
x188        0.1878121878        0.6593138977         0.659319381        -5.080047956
x189        0.1888111888        0.6598345768        0.6598400644        -5.080047956
x190        0.1898101898        0.6603401504        0.6603456423        -5.080047956
x191        0.1908091908        0.6608307686        0.6608362646        -5.080047956
x192        0.1918081918        0.6613065802        0.6613120801        -5.080047956
x193        0.1928071928        0.6617677323         0.661773236        -5.080047956
x194        0.1938061938        0.6622143705         0.662219878        -5.080047956
x195        0.1948051948        0.6626466393        0.6626521503        -5.080047956
x196        0.1958041958        0.6630646814        0.6630701959        -5.080047956
x197        0.1968031968        0.6634686382         0.663474156        -5.080047956
x198        0.1978021978        0.6638586497        0.6638641708        -5.080047955
x199        0.1988011988        0.6642348546        0.6642403789        -5.080047955
x200        0.1998001998        0.6645973901        0.6646029174        -5.080047955
x201        0.2007992008        0.6649463921        0.6649519223        -5.080047955
x202        0.2017982018        0.6652819952        0.6652875281        -5.080047955
x203        0.2027972028        0.6656043324         0.665609868        -5.080047955
x204        0.2037962038        0.6659135357        0.6659190739        -5.080047955
x205        0.2047952048        0.6662097356        0.6662152762        -5.080047955
x206        0.2057942058        0.6664930614        0.6664986044        -5.080047955
x207        0.2067932068         0.666763641        0.6667691863        -5.080047955
x208        0.2077922078        0.6670216012        0.6670271486        -5.080047955
x209        0.2087912088        0.6672670674        0.6672726168        -5.080047955
x210        0.2097902098        0.6675001637        0.6675057152        -5.080047955
x211        0.2107892108        0.6677210133        0.6677265665        -5.080047955
x212        0.2117882118        0.6679297377        0.6679352926        -5.080047955
x213        0.2127872128        0.6681264575        0.6681320141        -5.080047955
x214        0.2137862138         0.668311292        0.6683168502        -5.080047955
x215        0.2147852148        0.6684843595         0.668489919        -5.080047955
x216        0.2157842158        0.6686457767        0.6686513377        -5.080047955
x217        0.2167832168        0.6687956597        0.6688012219        -5.080047955
x218        0.2177822178        0.6689341229        0.6689396863        -5.080047955
x219        0.2187812188          0.66906128        0.6690668444        -5.080047955
x220        0.2197802198        0.6691772433        0.6691828086        -5.080047955
x221        0.2207792208         0.669282124        0.6692876903        -5.080047955
x222        0.2217782218        0.6693760325        0.6693815995        -5.080047955
x223        0.2227772228        0.6694590776        0.6694646453        -5.080047955
x224        0.2237762238        0.6695313674        0.6695369357        -5.080047955
x225        0.2247752248        0.6695930088        0.6695985776        -5.080047955
x226        0.2257742258        0.6696441077        0.6696496769        -5.080047954
x227        0.2267732268        0.6696847688        0.6696903384        -5.080047954
x228        0.2277722278         0.669715096        0.6697206658        -5.080047954
x229        0.2287712288        0.6697351918        0.6697407618        -5.080047954
x230        0.2297702298        0.6697451581        0.6697507282        -5.080047954
x231        0.2307692308        0.6697450956        0.6697506656        -5.080047954
x232        0.2317682318        0.6697351038        0.6697406738        -5.080047954
x233        0.2327672328        0.6697152815        0.6697208514        -5.080047954
x234        0.2337662338        0.6696857265        0.6696912961        -5.080047954
x235        0.2347652348        0.6696465354        0.6696521047        -5.080047954
x236        0.2357642358        0.6695978041         0.669603373        -5.080047954
x237        0.2367632368        0.6695396274        0.6695451958        -5.080047954
x238        0.2377622378        0.6694720992         0.669477667        -5.080047954
x239        0.2387612388        0.6693953124        0.6694008796        -5.080047954
x240        0.2397602398        0.6693093591        0.6693149255        -5.080047954
x241        0.2407592408        0.6692143303         0.669219896        -5.080047954
x242        0.2417582418        0.6691103164        0.6691158812        -5.080047954
x243        0.2427572428        0.6689974066        0.6690029704        -5.080047954
x244        0.2437562438        0.6688756893        0.6688812521        -5.080047954
x245        0.2447552448        0.6687452521        0.6687508139        -5.080047953
x246        0.2457542458        0.6686061817        0.6686117423        -5.080047953
x247        0.2467532468        0.6684585638        0.6684641232        -5.080047953
x248        0.2477522478        0.6683024836        0.6683080416        -5.080047953
x249        0.2487512488        0.6681380249        0.6681435817        -5.080047953
x250        0.2497502498        0.6679652713        0.6679708266        -5.080047953
x251        0.2507492507         0.667784305        0.6677898588        -5.080047953
x252        0.2517482517        0.6675952078          0.66760076        -5.080047953
x253        0.2527472527        0.6673980605         0.667403611        -5.080047953
x254        0.2537462537         0.667192943        0.6671984919        -5.080047953
x255        0.2547452547        0.6669799347        0.6669854818        -5.080047953
x256        0.2557442557        0.6667591139        0.6667646591        -5.080047953
x257        0.2567432567        0.6665305583        0.6665361016        -5.080047953
x258        0.2577422577        0.6662943448        0.6662998862        -5.080047953
x259        0.2587412587        0.6660505495        0.6660560889        -5.080047953
x260        0.2597402597        0.6657992478        0.6658047851        -5.080047953
x261        0.2607392607        0.6655405143        0.6655460494        -5.080047953
x262        0.2617382617        0.6652744229        0.6652799558        -5.080047953
x263        0.2627372627        0.6650010467        0.6650065773        -5.080047953
x264        0.2637362637        0.6647204581        0.6647259864        -5.080047953
x265        0.2647352647        0.6644327288        0.6644382547        -5.080047953
x266        0.2657342657        0.6641379298        0.6641434533        -5.080047953
x267        0.2667332667        0.6638361314        0.6638416523        -5.080047953
x268        0.2677322677        0.6635274031        0.6635329215        -5.080047953
x269        0.2687312687        0.6632118139        0.6632173296        -5.080047952
x270        0.2697302697        0.6628894319         0.662894945        -5.080047952
x271        0.2707292707        0.6625603246         0.662565835        -5.080047952
x272        0.2717282717         0.662224559        0.6622300665        -5.080047952
x273        0.2727272727        0.6618822012        0.6618877058        -5.080047952
x274        0.2737262737        0.6615333166        0.6615388184        -5.080047952
x275        0.2747252747        0.6611779703        0.6611834691        -5.080047952
x276        0.2757242757        0.6608162264        0.6608217222        -5.080047952
x277        0.2767232767        0.6604481485        0.6604536413        -5.080047952
x278        0.2777222777        0.6600737996        0.6600792892        -5.080047952
x279        0.2787212787         0.659693242        0.6596987285        -5.080047952
x280        0.2797202797        0.6593065375        0.6593120207        -5.080047952
x281        0.2807192807        0.6589137471        0.6589192271        -5.080047952
x282        0.2817182817        0.6585149313         0.658520408        -5.080047952
x283        0.2827172827          0.65811015        0.6581156234        -5.080047952
x284        0.2837162837        0.6576994626        0.6577049325        -5.080047952
x285        0.2847152847        0.6572829277        0.6572883942        -5.080047952
x286        0.2857142857        0.6568606035        0.6568660664        -5.080047952
x287        0.2867132867        0.6564325475        0.6564380068        -5.080047952
x288        0.2877122877        0.6559988166        0.6560042724        -5.080047952
x289        0.2887112887        0.6555594674        0.6555649195        -5.080047952
x290        0.2897102897        0.6551145556         0.655120004        -5.080047952
x291        0.2907092907        0.6546641365        0.6546695812        -5.080047952
x292        0.2917082917        0.6542082649        0.6542137058        -5.080047952
x293        0.2927072927         0.653746995         0.653752432        -5.080047952
x294        0.2937062937        0.6532803804        0.6532858136        -5.080047952
x295        0.2947052947        0.6528084743        0.6528139035        -5.080047952
x296        0.2957042957        0.6523313293        0.6523367545        -5.080047952
x297        0.2967032967        0.6518489974        0.6518544186        -5.080047952
x298        0.2977022977        0.6513615302        0.6513669474        -5.080047952
x299        0.2987012987        0.6508689787        0.6508743918        -5.080047951
x300        0.2997002997        0.6503713935        0.6503768025        -5.080047951
x301        0.3006993007        0.6498688247        0.6498742295        -5.080047951
x302        0.3016983017        0.6493613217        0.6493667223        -5.080047951
x303        0.3026973027        0.6488489336        0.6488543299        -5.080047951
x304        0.3036963037         0.648331709         0.648337101        -5.080047951
x305        0.3046953047        0.6478096959        0.6478150836        -5.080047951
x306        0.3056943057         0.647282942        0.6472883253        -5.080047951
x307        0.3066933067        0.6467514943        0.6467568732        -5.080047951
x308        0.3076923077        0.6462153996         0.646220774        -5.080047951
x309        0.3086913087         0.645674704        0.6456800739        -5.080047951
x310        0.3096903097        0.6451294532        0.6451348186        -5.080047951
x311        0.3106893107        0.6445796926        0.6445850534        -5.080047951
x312        0.3116883117        0.6440254669        0.6440308231        -5.080047951
x313        0.3126873127        0.6434668206        0.6434721721        -5.080047951
x314        0.3136863137        0.6429037975        0.6429091444        -5.080047951
x315        0.3146853147        0.6423364413        0.6423417834        -5.080047951
x316        0.3156843157        0.6417647949        0.6417701322        -5.080047951
x317        0.3166833167         0.641188901        0.6411942336        -5.080047951
x318        0.3176823177        0.6406088018        0.6406141296        -5.080047951
x319        0.3186813187        0.6400245392        0.6400298621        -5.080047951
x320        0.3196803197        0.6394361545        0.6394414726        -5.080047951
x321        0.3206793207        0.6388436887        0.6388490018        -5.080047951
x322        0.3216783217        0.6382471824        0.6382524905        -5.080047951
x323        0.3226773227        0.6376466757        0.6376519788         -5.08004795
x324        0.3236763237        0.6370422084        0.6370475065         -5.08004795
x325        0.3246753247        0.6364338198        0.6364391129         -5.08004795
x326        0.3256743257         0.635821549        0.6358268369         -5.08004795
x327        0.3266733267        0.6352054345        0.6352107173         -5.08004795
x328        0.3276723277        0.6345855145        0.6345907922         -5.08004795
x329        0.3286713287        0.6339618269        0.6339670994         -5.08004795
x330        0.3296703297        0.6333344092        0.6333396764         -5.08004795
x331        0.3306693307        0.6327032983        0.6327085603         -5.08004795
x332        0.3316683317         0.632068531        0.6320737877         -5.08004795
x333        0.3326673327        0.6314301437        0.6314353951         -5.08004795
x334        0.3336663337        0.6307881723        0.6307934184         -5.08004795
x335        0.3346653347        0.6301426524        0.6301478932         -5.08004795
x336        0.3356643357        0.6294936194        0.6294988548         -5.08004795
x337        0.3366633367        0.6288411082        0.6288463381         -5.08004795
x338        0.3376623377        0.6281851533        0.6281903777         -5.08004795
x339        0.3386613387        0.6275257889        0.6275310079         -5.08004795
x340        0.3396603397         0.626863049        0.6268682624         -5.08004795
x341        0.3406593407        0.6261969671         0.626202175         -5.08004795
x342        0.3416583417        0.6255275764        0.6255327788         -5.08004795
x343        0.3426573427        0.6248549099        0.6248601066         -5.08004795
x344        0.3436563437            0.624179        0.6241841911         -5.08004795
x345        0.3446553447         0.623499879        0.6235050645        -5.080047949
x346        0.3456543457        0.6228175789        0.6228227587        -5.080047949
x347        0.3466533467        0.6221321312        0.6221373053        -5.080047949
x348        0.3476523477        0.6214435673        0.6214487356        -5.080047949
x349        0.3486513487         0.620751918        0.6207570806        -5.080047949
x350        0.3496503497        0.6200572141         0.620062371        -5.080047949
x351        0.3506493506         0.619359486         0.619364637        -5.080047949
x352        0.3516483516        0.6186587636        0.6186639088        -5.080047949
x353        0.3526473526        0.6179550768        0.6179602162        -5.080047949
x354        0.3536463536        0.6172484551        0.6172535886        -5.080047949
x355        0.3546453546        0.6165389275        0.6165440551        -5.080047949
x356        0.3556443556        0.6158265231        0.6158316447        -5.080047949
x357        0.3566433566        0.6151112703         0.615116386        -5.080047949
x358        0.3576423576        0.6143931975        0.6143983072        -5.080047949
x359        0.3586413586        0.6136723328        0.6136774365        -5.080047949
x360        0.3596403596        0.6129487038        0.6129538015        -5.080047949
x361        0.3606393606        0.6122223381        0.6122274298        -5.080047949
x362        0.3616383616        0.6114932628        0.6114983484        -5.080047949
x363        0.3626373626         0.610761505        0.6107665845        -5.080047948
x364        0.3636363636        0.6100270912        0.6100321646        -5.080047948
x365        0.3646353646        0.6092900479        0.6092951152        -5.080047948
x366        0.3656343656        0.6085504011        0.6085554623        -5.080047948
x367        0.3666333666        0.6078081769        0.6078132319        -5.080047948
x368        0.3676323676        0.6070634008        0.6070684495        -5.080047948
x369        0.3686313686        0.6063160981        0.6063211407        -5.080047948
x370        0.3696303696         0.605566294        0.6055713303        -5.080047948
x371        0.3706293706        0.6048140134        0.6048190434        -5.080047948
x372        0.3716283716        0.6040592808        0.6040643046        -5.080047948
x373        0.3726273726        0.6033021206        0.6033071381        -5.080047948
x374        0.3736263736        0.6025425571        0.6025475683        -5.080047948
x375        0.3746253746         0.601780614        0.6017856188        -5.080047948
x376        0.3756243756         0.601016315        0.6010213135        -5.080047948
x377        0.3766233766        0.6002496835        0.6002546756        -5.080047948
x378        0.3776223776        0.5994807427        0.5994857285        -5.080047948
x379        0.3786213786        0.5987095157         0.598714495        -5.080047948
x380        0.3796203796         0.597936025        0.5979409979        -5.080047947
x381        0.3806193806        0.5971602932        0.5971652596        -5.080047947
x382        0.3816183816        0.5963823426        0.5963873025        -5.080047947
x383        0.3826173826        0.5956021952        0.5956071487        -5.080047947
x384        0.3836163836        0.5948198729        0.5948248199        -5.080047947
x385        0.3846153846        0.5940353973        0.5940403377        -5.080047947
x386        0.3856143856        0.5932487898        0.5932537237        -5.080047947
x387        0.3866133866        0.5924600715        0.5924649988        -5.080047947
x388        0.3876123876        0.5916692635        0.5916741843        -5.080047947
x389        0.3886113886        0.5908763866        0.5908813008        -5.080047947
x390        0.3896103896        0.5900814613        0.5900863688        -5.080047947
x391        0.3906093906        0.5892845079        0.5892894088        -5.080047947
x392        0.3916083916        0.5884855466        0.5884904409        -5.080047947
x393        0.3926073926        0.5876845975        0.5876894851        -5.080047947
x394        0.3936063936        0.5868816802        0.5868865611        -5.080047946
x395        0.3946053946        0.5860768142        0.5860816885        -5.080047946
x396        0.3956043956        0.5852700191        0.5852748866        -5.080047946
x397        0.3966033966        0.5844613139        0.5844661747        -5.080047946
x398        0.3976023976        0.5836507177        0.5836555717        -5.080047946
x399        0.3986013986        0.5828382492        0.5828430965        -5.080047946
x400        0.3996003996         0.582023927        0.5820287675        -5.080047946
x401        0.4005994006        0.5812077696        0.5812126034        -5.080047946
x402        0.4015984016        0.5803897953        0.5803946222        -5.080047946
x403        0.4025974026         0.579570022        0.5795748421        -5.080047946
x404        0.4035964036        0.5787484677         0.578753281        -5.080047946
x405        0.4045954046          0.57792515        0.5779299564        -5.080047946
x406        0.4055944056        0.5771000865        0.5771048861        -5.080047946
x407        0.4065934066        0.5762732946        0.5762780873        -5.080047946
x408        0.4075924076        0.5754447914        0.5754495772        -5.080047945
x409        0.4085914086         0.574614594        0.5746193729        -5.080047945
x410        0.4095904096        0.5737827191        0.5737874911        -5.080047945
x411        0.4105894106        0.5729491835        0.5729539485        -5.080047945
x412        0.4115884116        0.5721140036        0.5721187617        -5.080047945
x413        0.4125874126        0.5712771959         0.571281947        -5.080047945
x414        0.4135864136        0.5704387764        0.5704435206        -5.080047945
x415        0.4145854146        0.5695987612        0.5696034984        -5.080047945
x416        0.4155844156        0.5687571663        0.5687618965        -5.080047945
x417        0.4165834166        0.5679140071        0.5679187303        -5.080047945
x418        0.4175824176        0.5670692995        0.5670740156        -5.080047945
x419        0.4185814186        0.5662230586        0.5662277677        -5.080047945
x420        0.4195804196        0.5653752998        0.5653800018        -5.080047945
x421        0.4205794206        0.5645260381        0.5645307331        -5.080047944
x422        0.4215784216        0.5636752885        0.5636799764        -5.080047944
x423        0.4225774226        0.5628230658        0.5628277466        -5.080047944
x424        0.4235764236        0.5619693846        0.5619740583        -5.080047944
x425        0.4245754246        0.5611142594         0.561118926        -5.080047944
x426        0.4255744256        0.5602577046        0.5602623641        -5.080047944
x427        0.4265734266        0.5593997343        0.5594043867        -5.080047944
x428        0.4275724276        0.5585403628         0.558545008        -5.080047944
x429        0.4285714286        0.5576796037        0.5576842418        -5.080047944
x430        0.4295704296        0.5568174711         0.556822102        -5.080047944
x431        0.4305694306        0.5559539785        0.5559586022        -5.080047944
x432        0.4315684316        0.5550891394        0.5550937559        -5.080047944
x433        0.4325674326        0.5542229673        0.5542275766        -5.080047944
x434        0.4335664336        0.5533554753        0.5533600774        -5.080047944
x435        0.4345654346        0.5524866766        0.5524912715        -5.080047944
x436        0.4355644356        0.5516165842        0.5516211719        -5.080047944
x437        0.4365634366         0.550745211        0.5507497914        -5.080047943
x438        0.4375624376        0.5498725696        0.5498771428        -5.080047943
x439        0.4385614386        0.5489986728        0.5490032386        -5.080047943
x440        0.4395604396        0.5481235328        0.5481280914        -5.080047943
x441        0.4405594406        0.5472471623        0.5472517136        -5.080047943
x442        0.4415584416        0.5463695732        0.5463741172        -5.080047943
x443        0.4425574426        0.5454907778        0.5454953145        -5.080047943
x444        0.4435564436        0.5446107881        0.5446153175        -5.080047943
x445        0.4445554446        0.5437296159         0.543734138        -5.080047943
x446        0.4455544456         0.542847273        0.5428517877        -5.080047943
x447        0.4465534466         0.541963771        0.5419682784        -5.080047943
x448        0.4475524476        0.5410791215        0.5410836215        -5.080047943
x449        0.4485514486        0.5401933358        0.5401978284        -5.080047943
x450        0.4495504496        0.5393064252        0.5393109105        -5.080047943
x451        0.4505494505         0.538418401        0.5384228789        -5.080047943
x452        0.4515484515        0.5375292742        0.5375337447        -5.080047942
x453        0.4525474525        0.5366390557        0.5366435188        -5.080047942
x454        0.4535464535        0.5357477564        0.5357522121        -5.080047942
x455        0.4545454545        0.5348553871        0.5348598353        -5.080047942
x456        0.4555444555        0.5339619583        0.5339663991        -5.080047942
x457        0.4565434565        0.5330674807        0.5330719141        -5.080047942
x458        0.4575424575        0.5321719646        0.5321763905        -5.080047942
x459        0.4585414585        0.5312754204        0.5312798389        -5.080047942
x460        0.4595404595        0.5303778583        0.5303822693        -5.080047942
x461        0.4605394605        0.5294792883        0.5294836919        -5.080047942
x462        0.4615384615        0.5285797206        0.5285841167        -5.080047942
x463        0.4625374625         0.527679165        0.5276835536        -5.080047941
x464        0.4635364635        0.5267776314        0.5267820125        -5.080047941
x465        0.4645354645        0.5258751295        0.5258795031        -5.080047941
x466        0.4655344655        0.5249716689        0.5249760349        -5.080047941
x467        0.4665334665        0.5240672591        0.5240716176        -5.080047941
x468        0.4675324675        0.5231619096        0.5231662605        -5.080047941
x469        0.4685314685        0.5222556296        0.5222599731        -5.080047941
x470        0.4695304695        0.5213484286        0.5213527645        -5.080047941
x471        0.4705294705        0.5204403156        0.5204446439        -5.080047941
x472        0.4715284715        0.5195312996        0.5195356204        -5.080047941
x473        0.4725274725        0.5186213897         0.518625703         -5.08004794
x474        0.4735264735        0.5177105948        0.5177149004         -5.08004794
x475        0.4745254745        0.5167989236        0.5168032216         -5.08004794
x476        0.4755244755        0.5158863848        0.5158906753         -5.08004794
x477        0.4765234765        0.5149729871          0.51497727         -5.08004794
x478        0.4775224775        0.5140587391        0.5140630143         -5.08004794
x479        0.4785214785         0.513143649        0.5131479167         -5.08004794
x480        0.4795204795        0.5122277255        0.5122319855         -5.08004794
x481        0.4805194805        0.5113109766        0.5113152291         -5.08004794
x482        0.4815184815        0.5103934107        0.5103976555         -5.08004794
x483        0.4825174825        0.5094750358         0.509479273         -5.08004794
x484        0.4835164835          0.50855586        0.5085600896         -5.08004794
x485        0.4845154845        0.5076358913        0.5076401132         -5.08004794
x486        0.4855144855        0.5067151375        0.5067193517        -5.080047939
x487        0.4865134865        0.5057936064         0.505797813        -5.080047939
x488        0.4875124875        0.5048713058        0.5048755047        -5.080047939
x489        0.4885114885        0.5039482433        0.5039524345        -5.080047939
x490        0.4895104895        0.5030244265          0.50302861        -5.080047939
x491        0.4905094905        0.5020998628        0.5021040387        -5.080047939
x492        0.4915084915        0.5011745598        0.5011787279        -5.080047939
x493        0.4925074925        0.5002485247        0.5002526852        -5.080047939
x494        0.4935064935        0.4993217649        0.4993259176        -5.080047939
x495        0.4945054945        0.4983942875        0.4983984325        -5.080047939
x496        0.4955044955        0.4974660996        0.4974702369        -5.080047939
x497        0.4965034965        0.4965372084         0.496541338        -5.080047939
x498        0.4975024975        0.4956076208        0.4956117427        -5.080047939
x499        0.4985014985        0.4946773438        0.4946814579        -5.080047939
x500        0.4995004995        0.4937463842        0.4937504905        -5.080047939
x501        0.5004995005        0.4928147487        0.4928188473        -5.080047939
x502        0.5014985015        0.4918824441         0.491886535        -5.080047939
x503        0.5024975025        0.4909494771        0.4909535602        -5.080047939
x504        0.5034965035        0.4900158543        0.4900199296        -5.080047939
x505        0.5044955045        0.4890815821        0.4890856496        -5.080047939
x506        0.5054945055         0.488146667        0.4881507267        -5.080047939
x507        0.5064935065        0.4872111154        0.4872151674        -5.080047939
x508        0.5074925075        0.4862749336        0.4862789778        -5.080047939
x509        0.5084915085        0.4853381279        0.4853421643        -5.080047939
x510        0.5094905095        0.4844007045        0.4844047332        -5.080047939
x511        0.5104895105        0.4834626696        0.4834666904        -5.080047939
x512        0.5114885115        0.4825240292        0.4825280422        -5.080047938
x513        0.5124875125        0.4815847893        0.4815887945        -5.080047938
x514        0.5134865135        0.4806449559        0.4806489532        -5.080047938
x515        0.5144855145        0.4797045348        0.4797085244        -5.080047938
x516        0.5154845155        0.4787635321        0.4787675138        -5.080047938
x517        0.5164835165        0.4778219533        0.4778259272        -5.080047938
x518        0.5174825175        0.4768798043        0.4768837703        -5.080047938
x519        0.5184815185        0.4759370906        0.4759410489        -5.080047938
x520        0.5194805195         0.474993818        0.4749977684        -5.080047938
x521        0.5204795205         0.474049992        0.4740539346        -5.080047938
x522        0.5214785215        0.4731056181        0.4731095528        -5.080047938
x523        0.5224775225        0.4721607017        0.4721646285        -5.080047938
x524        0.5234765235        0.4712152482        0.4712191671        -5.080047938
x525        0.5244755245        0.4702692629         0.470273174        -5.080047938
x526        0.5254745255        0.4693227512        0.4693266545        -5.080047938
x527        0.5264735265        0.4683757183        0.4683796137        -5.080047938
x528        0.5274725275        0.4674281693        0.4674320568        -5.080047938
x529        0.5284715285        0.4664801095         0.466483989        -5.080047938
x530        0.5294705295        0.4655315437        0.4655354154        -5.080047938
x531        0.5304695305        0.4645824772         0.464586341        -5.080047938
x532        0.5314685315        0.4636329149        0.4636367708        -5.080047938
x533        0.5324675325        0.4626828616        0.4626867096        -5.080047938
x534        0.5334665335        0.4617323223        0.4617361624        -5.080047938
x535        0.5344655345        0.4607813019        0.4607851341        -5.080047938
x536        0.5354645355         0.459829805        0.4598336293        -5.080047938
x537        0.5364635365        0.4588778365        0.4588816528        -5.080047938
x538        0.5374625375        0.4579254009        0.4579292094        -5.080047938
x539        0.5384615385        0.4569725031        0.4569763036        -5.080047938
x540        0.5394605395        0.4560191475        0.4560229401        -5.080047938
x541        0.5404595405        0.4550653387        0.4550691233        -5.080047938
x542        0.5414585415        0.4541110812        0.4541148579        -5.080047938
x543        0.5424575425        0.4531563795        0.4531601482        -5.080047938
x544        0.5434565435        0.4522012379        0.4522049988        -5.080047938
x545        0.5444555445         0.451245661        0.4512494138        -5.080047938
x546        0.5454545455        0.4502896529        0.4502933978        -5.080047938
x547        0.5464535465        0.4493332179        0.4493369549        -5.080047938
x548        0.5474525475        0.4483763604        0.4483800895        -5.080047938
x549        0.5484515485        0.4474190846        0.4474228056        -5.080047938
x550        0.5494505495        0.4464613944        0.4464651075        -5.080047938
x551        0.5504495504        0.4455032942        0.4455069993        -5.080047938
x552        0.5514485514         0.444544788        0.4445484851        -5.080047938
x553        0.5524475524        0.4435858797        0.4435895689        -5.080047938
x554        0.5534465534        0.4426265735        0.4426302547        -5.080047938
x555        0.5544455544        0.4416668732        0.4416705464        -5.080047938
x556        0.5554445554        0.4407067828         0.440710448        -5.080047938
x557        0.5564435564        0.4397463061        0.4397499633        -5.080047938
x558        0.5574425574         0.438785447        0.4387890963        -5.080047938
x559        0.5584415584        0.4378242093        0.4378278506        -5.080047938
x560        0.5594405594        0.4368625968        0.4368662301        -5.080047938
x561        0.5604395604        0.4359006132        0.4359042384        -5.080047938
x562        0.5614385614        0.4349382621        0.4349418794        -5.080047938
x563        0.5624375624        0.4339755472        0.4339791565        -5.080047938
x564        0.5634365634        0.4330124722        0.4330160735        -5.080047938
x565        0.5644355644        0.4320490406        0.4320526339        -5.080047938
x566        0.5654345654         0.431085256        0.4310888412        -5.080047938
x567        0.5664335664        0.4301211219        0.4301246991        -5.080047939
x568        0.5674325674        0.4291566416        0.4291602108        -5.080047939
x569        0.5684315684        0.4281918188          0.42819538        -5.080047939
x570        0.5694305694        0.4272266568        0.4272302099        -5.080047939
x571        0.5704295704        0.4262611589         0.426264704        -5.080047939
x572        0.5714285714        0.4252953286        0.4252988656        -5.080047939
x573        0.5724275724         0.424329169         0.424332698        -5.080047939
x574        0.5734265734        0.4233626835        0.4233662045        -5.080047939
x575        0.5744255744        0.4223958754        0.4223993883        -5.080047939
x576        0.5754245754        0.4214287478        0.4214322527        -5.080047939
x577        0.5764235764        0.4204613038        0.4204648007        -5.080047939
x578        0.5774225774        0.4194935468        0.4194970356        -5.080047939
x579        0.5784215784        0.4185254797        0.4185289604        -5.080047939
x580        0.5794205794        0.4175571056        0.4175605783        -5.080047939
x581        0.5804195804        0.4165884276        0.4165918923        -5.080047939
x582        0.5814185814        0.4156194487        0.4156229053        -5.080047939
x583        0.5824175824         0.414650172        0.4146536205        -5.080047939
x584        0.5834165834        0.4136806003        0.4136840408        -5.080047939
x585        0.5844155844        0.4127107366         0.412714169        -5.080047939
x586        0.5854145854        0.4117405838        0.4117440081        -5.080047939
x587        0.5864135864        0.4107701448         0.410773561        -5.080047939
x588        0.5874125874        0.4097994224        0.4098028306        -5.080047939
x589        0.5884115884        0.4088284194        0.4088318195        -5.080047939
x590        0.5894105894        0.4078571387        0.4078605307        -5.080047939
x591        0.5904095904        0.4068855829        0.4068889669        -5.080047939
x592        0.5914085914        0.4059137549        0.4059171308        -5.080047939
x593        0.5924075924        0.4049416573        0.4049450251        -5.080047939
x594        0.5934065934        0.4039692928        0.4039726525        -5.080047939
x595        0.5944055944        0.4029966641        0.4030000157        -5.080047939
x596        0.5954045954        0.4020237737        0.4020271172        -5.080047939
x597        0.5964035964        0.4010506243        0.4010539598        -5.080047939
x598        0.5974025974        0.4000772185        0.4000805459        -5.080047939
x599        0.5984015984        0.3991035588        0.3991068781        -5.080047939
x600        0.5994005994        0.3981296478        0.3981329589        -5.080047939
x601        0.6003996004        0.3971554878        0.3971587909        -5.080047939
x602        0.6013986014        0.3961810815        0.3961843764        -5.080047939
x603        0.6023976024        0.3952064312        0.3952097181        -5.080047939
x604        0.6033966034        0.3942315395        0.3942348182        -5.080047939
x605        0.6043956044        0.3932564085        0.3932596791        -5.080047939
x606        0.6053946054        0.3922810409        0.3922843034        -5.080047939
x607        0.6063936064        0.3913054389        0.3913086932        -5.080047939
x608        0.6073926074        0.3903296048         0.390332851        -5.080047939
x609        0.6083916084        0.3893535409        0.3893567791        -5.080047939
x610        0.6093906094        0.3883772496        0.3883804796        -5.080047939
x611        0.6103896104        0.3874007331         0.387403955        -5.080047939
x612        0.6113886114        0.3864239936        0.3864272074        -5.080047939
x613        0.6123876124        0.3854470333         0.385450239        -5.080047939
x614        0.6133866134        0.3844698545        0.3844730521        -5.080047939
x615        0.6143856144        0.3834924594        0.3834956488        -5.080047939
x616        0.6153846154        0.3825148499        0.3825180312        -5.080047939
x617        0.6163836164        0.3815370284        0.3815402015        -5.080047939
x618        0.6173826174        0.3805589969        0.3805621619        -5.080047939
x619        0.6183816184        0.3795807575        0.3795839143        -5.080047939
x620        0.6193806194        0.3786023122        0.3786054609         -5.08004794
x621        0.6203796204        0.3776236631        0.3776268037         -5.08004794
x622        0.6213786214        0.3766448123        0.3766479447         -5.08004794
x623        0.6223776224        0.3756657617         0.375668886         -5.08004794
x624        0.6233766234        0.3746865133        0.3746896294         -5.08004794
x625        0.6243756244        0.3737070691        0.3737101771         -5.08004794
x626        0.6253746254         0.372727431        0.3727305309         -5.08004794
x627        0.6263736264         0.371747601        0.3717506927         -5.08004794
x628        0.6273726274         0.370767581        0.3707706646         -5.08004794
x629        0.6283716284        0.3697873728        0.3697904482         -5.08004794
x630        0.6293706294        0.3688069784        0.3688100456         -5.08004794
x631        0.6303696304        0.3678263995        0.3678294586         -5.08004794
x632        0.6313686314         0.366845638         0.366848689         -5.08004794
x633        0.6323676324        0.3658646958        0.3658677386         -5.08004794
x634        0.6333666334        0.3648835746        0.3648866092         -5.08004794
x635        0.6343656344        0.3639022762        0.3639053027         -5.08004794
x636        0.6353646354        0.3629208024        0.3629238207         -5.08004794
x637        0.6363636364        0.3619391548         0.361942165         -5.08004794
x638        0.6373626374        0.3609573353        0.3609603373         -5.08004794
x639        0.6383616384        0.3599753456        0.3599783394         -5.08004794
x640        0.6393606394        0.3589931873        0.3589961729         -5.08004794
x641        0.6403596404        0.3580108621        0.3580138395         -5.08004794
x642        0.6413586414        0.3570283716        0.3570313409         -5.08004794
x643        0.6423576424        0.3560457176        0.3560486788         -5.08004794
x644        0.6433566434        0.3550629017        0.3550658546         -5.08004794
x645        0.6443556444        0.3540799253        0.3540828701         -5.08004794
x646        0.6453546454        0.3530967902        0.3530997269         -5.08004794
x647        0.6463536464         0.352113498        0.3521164264         -5.08004794
x648        0.6473526474        0.3511300501        0.3511329704         -5.08004794
x649        0.6483516484        0.3501464482        0.3501493602         -5.08004794
x650        0.6493506494        0.3491626937        0.3491655976         -5.08004794
x651        0.6503496503        0.3481787882        0.3481816839         -5.08004794
x652        0.6513486513        0.3471947332        0.3471976207         -5.08004794
x653        0.6523476523        0.3462105301        0.3462134094         -5.08004794
x654        0.6533466533        0.3452261805        0.3452290516         -5.08004794
x655        0.6543456543        0.3442416858        0.3442445487         -5.08004794
x656        0.6553446553        0.3432570474        0.3432599021         -5.08004794
x657        0.6563436563        0.3422722667        0.3422751133         -5.08004794
x658        0.6573426573        0.3412873453        0.3412901837         -5.08004794
x659        0.6583416583        0.3403022844        0.3403051146         -5.08004794
x660        0.6593406593        0.3393170855        0.3393199075         -5.08004794
x661        0.6603396603          0.33833175        0.3383345638         -5.08004794
x662        0.6613386613        0.3373462791        0.3373490847         -5.08004794
x663        0.6623376623        0.3363606743        0.3363634717         -5.08004794
x664        0.6633366633        0.3353749368         0.335377726         -5.08004794
x665        0.6643356643        0.3343890681        0.3343918491         -5.08004794
x666        0.6653346653        0.3334030693        0.3334058421         -5.08004794
x667        0.6663336663        0.3324169418        0.3324197064         -5.08004794
x668        0.6673326673        0.3314306869        0.3314334433         -5.08004794
x669        0.6683316683        0.3304443058         0.330447054         -5.08004794
x670        0.6693306693        0.3294577998        0.3294605398         -5.08004794
x671        0.6703296703        0.3284711702         0.328473902         -5.08004794
x672        0.6713286713         0.327484418        0.3274871416         -5.08004794
x673        0.6723276723        0.3264975447        0.3265002601         -5.08004794
x674        0.6733266733        0.3255105514        0.3255132586         -5.08004794
x675        0.6743256743        0.3245234392        0.3245261382         -5.08004794
x676        0.6753246753        0.3235362094        0.3235389001         -5.08004794
x677        0.6763236763        0.3225488631        0.3225515456         -5.08004794
x678        0.6773226773        0.3215614015        0.3215640758         -5.08004794
x679        0.6783216783        0.3205738257        0.3205764918         -5.08004794
x680        0.6793206793        0.3195861369        0.3195887948         -5.08004794
x681        0.6803196803        0.3185983361        0.3186009858         -5.08004794
x682        0.6813186813        0.3176104246        0.3176130661         -5.08004794
x683        0.6823176823        0.3166224034        0.3166250366         -5.08004794
x684        0.6833166833        0.3156342735        0.3156368986         -5.08004794
x685        0.6843156843        0.3146460362         0.314648653         -5.08004794
x686        0.6853146853        0.3136576923        0.3136603009         -5.08004794
x687        0.6863136863        0.3126692431        0.3126718435        -5.080047941
x688        0.6873126873        0.3116806895        0.3116832817        -5.080047941
x689        0.6883116883        0.3106920326        0.3106946166        -5.080047941
x690        0.6893106893        0.3097032734        0.3097058491        -5.080047941
x691        0.6903096903         0.308714413        0.3087169805        -5.080047941
x692        0.6913086913        0.3077254522        0.3077280115        -5.080047941
x693        0.6923076923        0.3067363922        0.3067389433        -5.080047941
x694        0.6933066933         0.305747234        0.3057497768        -5.080047941
x695        0.6943056943        0.3047579784         0.304760513        -5.080047941
x696        0.6953046953        0.3037686264        0.3037711528        -5.080047941
x697        0.6963036963        0.3027791791        0.3027816973        -5.080047941
x698        0.6973026973        0.3017896374        0.3017921473        -5.080047941
x699        0.6983016983        0.3008000022        0.3008025038        -5.080047941
x700        0.6993006993        0.2998102744        0.2998127678        -5.080047941
x701        0.7002997003        0.2988204549        0.2988229401        -5.080047941
x702        0.7012987013        0.2978305447        0.2978330217        -5.080047941
x703        0.7022977023        0.2968405447        0.2968430135        -5.080047941
x704        0.7032967033        0.2958504558        0.2958529163        -5.080047941
x705        0.7042957043        0.2948602788         0.294862731        -5.080047941
x706        0.7052947053        0.2938700146        0.2938724586        -5.080047941
x707        0.7062937063        0.2928796641        0.2928820999        -5.080047941
x708        0.7072927073        0.2918892281        0.2918916557        -5.080047942
x709        0.7082917083        0.2908987076        0.2909011269        -5.080047942
x710        0.7092907093        0.2899081033        0.2899105143        -5.080047942
x711        0.7102897103         0.288917416        0.2889198188        -5.080047942
x712        0.7112887113        0.2879266466        0.2879290412        -5.080047942
x713        0.7122877123         0.286935796        0.2869381824        -5.080047942
x714        0.7132867133        0.2859448649         0.285947243        -5.080047942
x715        0.7142857143         0.284953854        0.2849562239        -5.080047942
x716        0.7152847153        0.2839627643         0.283965126        -5.080047942
x717        0.7162837163        0.2829715965        0.2829739499        -5.080047942
x718        0.7172827173        0.2819803514        0.2819826965        -5.080047942
x719        0.7182817183        0.2809890296        0.2809913666        -5.080047942
x720        0.7192807193        0.2799976321        0.2799999608        -5.080047942
x721        0.7202797203        0.2790061596          0.27900848        -5.080047942
x722        0.7212787213        0.2780146127        0.2780169249        -5.080047942
x723        0.7222777223        0.2770229923        0.2770252962        -5.080047942
x724        0.7232767233         0.276031299        0.2760335947        -5.080047942
x725        0.7242757243        0.2750395337        0.2750418211        -5.080047942
x726        0.7252747253        0.2740476969        0.2740499761        -5.080047942
x727        0.7262737263        0.2730557895        0.2730580604        -5.080047942
x728        0.7272727273        0.2720638121        0.2720660748        -5.080047943
x729        0.7282717283        0.2710717654        0.2710740198        -5.080047943
x730        0.7292707293        0.2700796501        0.2700818963        -5.080047943
x731        0.7302697303        0.2690874669        0.2690897048        -5.080047943
x732        0.7312687313        0.2680952165        0.2680974461        -5.080047943
x733        0.7322677323        0.2671028995        0.2671051209        -5.080047943
x734        0.7332667333        0.2661105165        0.2661127297        -5.080047943
x735        0.7342657343        0.2651180684        0.2651202733        -5.080047943
x736        0.7352647353        0.2641255556        0.2641277523        -5.080047943
x737        0.7362637363        0.2631329789        0.2631351673        -5.080047943
x738        0.7372627373        0.2621403388         0.262142519        -5.080047943
x739        0.7382617383        0.2611476361         0.261149808        -5.080047943
x740        0.7392607393        0.2601548712        0.2601570349        -5.080047943
x741        0.7402597403         0.259162045        0.2591642003        -5.080047943
x742        0.7412587413        0.2581691578        0.2581713049        -5.080047943
x743        0.7422577423        0.2571762105        0.2571783493        -5.080047943
x744        0.7432567433        0.2561832034        0.2561853341        -5.080047944
x745        0.7442557443        0.2551901374        0.2551922597        -5.080047944
x746        0.7452547453        0.2541970129         0.254199127        -5.080047944
x747        0.7462537463        0.2532038305        0.2532059363        -5.080047944
x748        0.7472527473        0.2522105908        0.2522126883        -5.080047944
x749        0.7482517483        0.2512172943        0.2512193836        -5.080047944
x750        0.7492507493        0.2502239417        0.2502260228        -5.080047944
x751        0.7502497502        0.2492305335        0.2492326063        -5.080047944
x752        0.7512487512        0.2482370702        0.2482391347        -5.080047944
x753        0.7522477522        0.2472435524        0.2472456087        -5.080047944
x754        0.7532467532        0.2462499806        0.2462520286        -5.080047944
x755        0.7542457542        0.2452563554        0.2452583952        -5.080047944
x756        0.7552447552        0.2442626773        0.2442647088        -5.080047944
x757        0.7562437562        0.2432689468          0.24327097        -5.080047944
x758        0.7572427572        0.2422751645        0.2422771794        -5.080047944
x759        0.7582417582        0.2412813308        0.2412833375        -5.080047944
x760        0.7592407592        0.2402874463        0.2402894447        -5.080047944
x761        0.7602397602        0.2392935115        0.2392955016        -5.080047944
x762        0.7612387612        0.2382995268        0.2383015087        -5.080047944
x763        0.7622377622        0.2373054928        0.2373074664        -5.080047944
x764        0.7632367632          0.23631141        0.2363133753        -5.080047945
x765        0.7642357642        0.2353172788        0.2353192358        -5.080047945
x766        0.7652347652        0.2343230997        0.2343250485        -5.080047945
x767        0.7662337662        0.2333288733        0.2333308138        -5.080047945
x768        0.7672327672        0.2323345999        0.2323365321        -5.080047945
x769        0.7682317682          0.23134028         0.231342204        -5.080047945
x770        0.7692307692        0.2303459142        0.2303478299        -5.080047945
x771        0.7702297702        0.2293515028        0.2293534102        -5.080047945
x772        0.7712287712        0.2283570463        0.2283589455        -5.080047945
x773        0.7722277722        0.2273625452        0.2273644361        -5.080047945
x774        0.7732267732        0.2263679999        0.2263698825        -5.080047945
x775        0.7742257742        0.2253734108        0.2253752852        -5.080047945
x776        0.7752247752        0.2243787784        0.2243806445        -5.080047945
x777        0.7762237762        0.2233841031        0.2233859609        -5.080047945
x778        0.7772227772        0.2223893854        0.2223912349        -5.080047945
x779        0.7782217782        0.2213946256        0.2213964669        -5.080047945
x780        0.7792207792        0.2203998242        0.2204016572        -5.080047945
x781        0.7802197802        0.2194049815        0.2194068063        -5.080047945
x782        0.7812187812        0.2184100981        0.2184119145        -5.080047945
x783        0.7822177822        0.2174151743        0.2174169824        -5.080047945
x784        0.7832167832        0.2164202104        0.2164220103        -5.080047945
x785        0.7842157842         0.215425207        0.2154269986        -5.080047945
x786        0.7852147852        0.2144301644        0.2144319477        -5.080047945
x787        0.7862137862        0.2134350829         0.213436858        -5.080047946
x788        0.7872127872        0.2124399631        0.2124417299        -5.080047946
x789        0.7882117882        0.2114448052        0.2114465637        -5.080047946
x790        0.7892107892        0.2104496096        0.2104513598        -5.080047946
x791        0.7902097902        0.2094543767        0.2094561187        -5.080047946
x792        0.7912087912        0.2084591069        0.2084608406        -5.080047946
x793        0.7922077922        0.2074638006         0.207465526        -5.080047946
x794        0.7932067932         0.206468458        0.2064701752        -5.080047946
x795        0.7942057942        0.2054730796        0.2054747885        -5.080047946
x796        0.7952047952        0.2044776658        0.2044793664        -5.080047946
x797        0.7962037962        0.2034822168        0.2034839091        -5.080047946
x798        0.7972027972        0.2024867331        0.2024884171        -5.080047946
x799        0.7982017982        0.2014912149        0.2014928906        -5.080047946
x800        0.7992007992        0.2004956626        0.2004973301        -5.080047946
x801        0.8001998002        0.1995000766        0.1995017358        -5.080047946
x802        0.8011988012        0.1985044572        0.1985061081        -5.080047946
x803        0.8021978022        0.1975088046        0.1975104473        -5.080047946
x804        0.8031968032        0.1965131194        0.1965147537        -5.080047946
x805        0.8041958042        0.1955174017        0.1955190278        -5.080047946
x806        0.8051948052        0.1945216519        0.1945232697        -5.080047946
x807        0.8061938062        0.1935258703        0.1935274798        -5.080047946
x808        0.8071928072        0.1925300573        0.1925316585        -5.080047946
x809        0.8081918082        0.1915342131         0.191535806        -5.080047946
x810        0.8091908092         0.190538338        0.1905399227        -5.080047946
x811        0.8101898102        0.1895424325        0.1895440088        -5.080047946
x812        0.8111888112        0.1885464966        0.1885480647        -5.080047946
x813        0.8121878122        0.1875505309        0.1875520907        -5.080047946
x814        0.8131868132        0.1865545355         0.186556087        -5.080047946
x815        0.8141858142        0.1855585108         0.185560054        -5.080047946
x816        0.8151848152         0.184562457        0.1845639919        -5.080047946
x817        0.8161838162        0.1835663744        0.1835679011        -5.080047946
x818        0.8171828172        0.1825702634        0.1825717818        -5.080047946
x819        0.8181818182        0.1815741242        0.1815756343        -5.080047946
x820        0.8191808192         0.180577957        0.1805794589        -5.080047946
x821        0.8201798202        0.1795817623        0.1795832558        -5.080047946
x822        0.8211788212        0.1785855401        0.1785870254        -5.080047946
x823        0.8221778222        0.1775892909        0.1775907679        -5.080047946
x824        0.8231768232        0.1765930149        0.1765944835        -5.080047946
x825        0.8241758242        0.1755967123        0.1755981727        -5.080047946
x826        0.8251748252        0.1746003834        0.1746018355        -5.080047946
x827        0.8261738262        0.1736040285        0.1736054723        -5.080047946
x828        0.8271728272        0.1726076478        0.1726090833        -5.080047946
x829        0.8281718282        0.1716112416        0.1716126688        -5.080047946
x830        0.8291708292        0.1706148101        0.1706162291        -5.080047946
x831        0.8301698302        0.1696183537        0.1696197644        -5.080047946
x832        0.8311688312        0.1686218725        0.1686232748        -5.080047946
x833        0.8321678322        0.1676253667        0.1676267608        -5.080047946
x834        0.8331668332        0.1666288367        0.1666302225        -5.080047946
x835        0.8341658342        0.1656322827        0.1656336602        -5.080047946
x836        0.8351648352        0.1646357049        0.1646370741        -5.080047946
x837        0.8361638362        0.1636391035        0.1636404644        -5.080047946
x838        0.8371628372        0.1626424788        0.1626438314        -5.080047946
x839        0.8381618382         0.161645831        0.1616471754        -5.080047946
x840        0.8391608392        0.1606491603        0.1606504964        -5.080047946
x841        0.8401598402        0.1596524671        0.1596537949        -5.080047946
x842        0.8411588412        0.1586557514        0.1586570709        -5.080047946
x843        0.8421578422        0.1576590135        0.1576603247        -5.080047946
x844        0.8431568432        0.1566622537        0.1566635566        -5.080047946
x845        0.8441558442        0.1556654721        0.1556667667        -5.080047946
x846        0.8451548452         0.154668669        0.1546699554        -5.080047946
x847        0.8461538462        0.1536718446        0.1536731227        -5.080047946
x848        0.8471528472        0.1526749991        0.1526762688        -5.080047946
x849        0.8481518482        0.1516781327        0.1516793941        -5.080047946
x850        0.8491508492        0.1506812456        0.1506824988        -5.080047946
x851        0.8501498501         0.149684338        0.1496855829        -5.080047946
x852        0.8511488511        0.1486874102        0.1486886468        -5.080047946
x853        0.8521478521        0.1476904622        0.1476916905        -5.080047946
x854        0.8531468531        0.1466934944        0.1466947144        -5.080047946
x855        0.8541458541         0.145696507        0.1456977187        -5.080047946
x856        0.8551448551           0.1446995        0.1447007034        -5.080047946
x857        0.8561438561        0.1437024738        0.1437036689        -5.080047946
x858        0.8571428571        0.1427054284        0.1427066153        -5.080047946
x859        0.8581418581        0.1417083642        0.1417095427        -5.080047946
x860        0.8591408591        0.1407112812        0.1407124515        -5.080047946
x861        0.8601398601        0.1397141797        0.1397153417        -5.080047946
x862        0.8611388611        0.1387170599        0.1387182135        -5.080047946
x863        0.8621378621        0.1377199218        0.1377210672        -5.080047946
x864        0.8631368631        0.1367227658        0.1367239029        -5.080047946
x865        0.8641358641         0.135725592        0.1357267208        -5.080047946
x866        0.8651348651        0.1347284006        0.1347295211        -5.080047946
x867        0.8661338661        0.1337311917        0.1337323039        -5.080047946
x868        0.8671328671        0.1327339656        0.1327350695        -5.080047946
x869        0.8681318681        0.1317367223        0.1317378179        -5.080047946
x870        0.8691308691        0.1307394621        0.1307405494        -5.080047946
x871        0.8701298701        0.1297421851        0.1297432641        -5.080047946
x872        0.8711288711        0.1287448915        0.1287459622        -5.080047946
x873        0.8721278721        0.1277475814        0.1277486439        -5.080047946
x874        0.8731268731        0.1267502551        0.1267513093        -5.080047946
x875        0.8741258741        0.1257529127        0.1257539586        -5.080047946
x876        0.8751248751        0.1247555544        0.1247565919        -5.080047946
x877        0.8761238761        0.1237581802        0.1237592095        -5.080047946
x878        0.8771228771        0.1227607904        0.1227618114        -5.080047946
x879        0.8781218781        0.1217633851        0.1217643978        -5.080047946
x880        0.8791208791        0.1207659645        0.1207669689        -5.080047947
x881        0.8801198801        0.1197685287        0.1197695248        -5.080047947
x882        0.8811188811        0.1187710779        0.1187720657        -5.080047947
x883        0.8821178821        0.1177736122        0.1177745917        -5.080047947
x884        0.8831168831        0.1167761318         0.116777103        -5.080047947
x885        0.8841158841        0.1157786368        0.1157795997        -5.080047947
x886        0.8851148851        0.1147811273        0.1147820819        -5.080047947
x887        0.8861138861        0.1137836036        0.1137845499        -5.080047947
x888        0.8871128871        0.1127860657        0.1127870037        -5.080047947
x889        0.8881118881        0.1117885138        0.1117894435        -5.080047947
x890        0.8891108891        0.1107909481        0.1107918695        -5.080047947
x891        0.8901098901        0.1097933686        0.1097942817        -5.080047947
x892        0.8911088911        0.1087957755        0.1087966803        -5.080047947
x893        0.8921078921        0.1077981689        0.1077990654        -5.080047947
x894        0.8931068931         0.106800549        0.1068014373        -5.080047947
x895        0.8941058941         0.105802916        0.1058037959        -5.080047947
x896        0.8951048951        0.1048052698        0.1048061415        -5.080047947
x897        0.8961038961        0.1038076107        0.1038084741        -5.080047947
x898        0.8971028971        0.1028099389        0.1028107939        -5.080047947
x899        0.8981018981        0.1018122543         0.101813101        -5.080047947
x900        0.8991008991        0.1008145572        0.1008153956        -5.080047947
x901        0.9000999001       0.09981684764       0.09981767779        -5.080047947
x902        0.9010989011        0.0988191258       0.09881994765        -5.080047947
x903        0.9020979021       0.09782139177       0.09782220533        -5.080047947
x904        0.9030969031       0.09682364569       0.09682445094        -5.080047947
x905        0.9040959041       0.09582588766       0.09582668462        -5.080047947
x906        0.9050949051       0.09482811781       0.09482890647        -5.080047947
x907        0.9060939061       0.09383033626       0.09383111662        -5.080047947
x908        0.9070929071       0.09283254312       0.09283331518        -5.080047947
x909        0.9080919081        0.0918347385       0.09183550226        -5.080047947
x910        0.9090909091       0.09083692253       0.09083767799        -5.080047947
x911        0.9100899101       0.08983909531       0.08983984247        -5.080047947
x912        0.9110889111       0.08884125695       0.08884199582        -5.080047947
x913        0.9120879121       0.08784340757       0.08784413814        -5.080047947
x914        0.9130869131       0.08684554728       0.08684626955        -5.080047947
x915        0.9140859141       0.08584767619       0.08584839016        -5.080047947
x916        0.9150849151       0.08484979439       0.08485050006        -5.080047947
x917        0.9160839161         0.083851902       0.08385259938        -5.080047947
x918        0.9170829171       0.08285399913        0.0828546882        -5.080047947
x919        0.9180819181       0.08185608587       0.08185676665        -5.080047947
x920        0.9190809191       0.08085816234       0.08085883481        -5.080047947
x921        0.9200799201       0.07986022863        0.0798608928        -5.080047947
x922        0.9210789211       0.07886228484       0.07886294071        -5.080047947
x923        0.9220779221       0.07786433107       0.07786497865        -5.080047947
x924        0.9230769231       0.07686636743       0.07686700671        -5.080047947
x925        0.9240759241       0.07586839402       0.07586902499        -5.080047947
x926        0.9250749251       0.07487041092       0.07487103359        -5.080047947
x927        0.9260739261       0.07387241823       0.07387303261        -5.080047947
x928        0.9270729271       0.07287441606       0.07287502214        -5.080047947
x929        0.9280719281       0.07187640449       0.07187700227        -5.080047947
x930        0.9290709291       0.07087838362        0.0708789731        -5.080047947
x931        0.9300699301       0.06988035354       0.06988093472        -5.080047947
x932        0.9310689311       0.06888231435       0.06888288722        -5.080047947
x933        0.9320679321       0.06788426612        0.0678848307        -5.080047947
x934        0.9330669331       0.06688620896       0.06688676523        -5.080047947
x935        0.9340659341       0.06588814295       0.06588869092        -5.080047947
x936        0.9350649351       0.06489006818       0.06489060785        -5.080047947
x937        0.9360639361       0.06389198473       0.06389251611        -5.080047947
x938        0.9370629371        0.0628938927       0.06289441577        -5.080047947
x939        0.9380619381       0.06189579217       0.06189630694        -5.080047947
x940        0.9390609391       0.06089768322       0.06089818969        -5.080047947
x941        0.9400599401       0.05989956593        0.0599000641        -5.080047947
x942        0.9410589411        0.0589014404       0.05890193026        -5.080047947
x943        0.9420579421       0.05790330669       0.05790378826        -5.080047947
x944        0.9430569431        0.0569051649       0.05690563816        -5.080047947
x945        0.9440559441        0.0559070151       0.05590748006        -5.080047947
x946        0.9450549451       0.05490885737       0.05490931403        -5.080047947
x947        0.9460539461       0.05391069179       0.05391114015        -5.080047947
x948        0.9470529471       0.05291251845        0.0529129585        -5.080047947
x949        0.9480519481       0.05191433741       0.05191476916        -5.080047947
x950        0.9490509491       0.05091614875        0.0509165722        -5.080047947
x951          0.95004995       0.04991795255        0.0499183677        -5.080047947
x952         0.951048951       0.04891974888       0.04892015573        -5.080047947
x953         0.952047952       0.04792153782       0.04792193637        -5.080047947
x954         0.953046953       0.04692331944       0.04692370969        -5.080047947
x955         0.954045954       0.04592509382       0.04592547577        -5.080047947
x956         0.955044955       0.04492686102       0.04492723467        -5.080047947
x957         0.956043956       0.04392862112       0.04392898646        -5.080047947
x958         0.957042957       0.04293037419       0.04293073123        -5.080047947
x959         0.958041958        0.0419321203       0.04193246903        -5.080047947
x960         0.959040959       0.04093385951       0.04093419994        -5.080047947
x961          0.96003996        0.0399355919       0.03993592403        -5.080047947
x962         0.961038961       0.03893731753       0.03893764136        -5.080047947
x963         0.962037962       0.03793903647         0.037939352        -5.080047947
x964         0.963036963       0.03694074879       0.03694105601        -5.080047947
x965         0.964035964       0.03594245455       0.03594275347        -5.080047947
x966         0.965034965       0.03494415382       0.03494444444        -5.080047947
x967         0.966033966       0.03394584666       0.03394612898        -5.080047947
x968         0.967032967       0.03294753314       0.03294780716        -5.080047947
x969         0.968031968       0.03194921332       0.03194947903        -5.080047947
x970         0.969030969       0.03095088726       0.03095114467        -5.080047947
x971          0.97002997       0.02995255502       0.02995280413        -5.080047947
x972         0.971028971       0.02895421668       0.02895445748        -5.080047947
x973         0.972027972       0.02795587227       0.02795610477        -5.080047947
x974         0.973026973       0.02695752188       0.02695774607        -5.080047947
x975         0.974025974       0.02595916555       0.02595938144        -5.080047947
x976         0.975024975       0.02496080334       0.02496101093        -5.080047947
x977         0.976023976       0.02396243532       0.02396263461        -5.080047947
x978         0.977022977       0.02296406154       0.02296425253        -5.080047947
x979         0.978021978       0.02196568206       0.02196586474        -5.080047947
x980         0.979020979       0.02096729694       0.02096747131        -5.080047947
x981          0.98001998       0.01996890622        0.0199690723        -5.080047947
x982         0.981018981       0.01897050997       0.01897066775        -5.080047947
x983         0.982017982       0.01797210825       0.01797225772        -5.080047947
x984         0.983016983        0.0169737011       0.01697384227        -5.080047947
x985         0.984015984       0.01597528858       0.01597542144        -5.080047947
x986         0.985014985       0.01497687075       0.01497699531        -5.080047947
x987         0.986013986       0.01397844765       0.01397856391        -5.080047947
x988         0.987012987       0.01298001934       0.01298012729        -5.080047947
x989         0.988011988       0.01198158587       0.01198168552        -5.080047947
x990         0.989010989        0.0109831473       0.01098323864        -5.080047947
x991          0.99000999      0.009984703664      0.009984786704        -5.080047947
x992         0.991008991      0.008986255024       0.00898632976        -5.080047947
x993         0.992007992      0.007987801426      0.007987867859        -5.080047948
x994         0.993006993      0.006989342921       0.00698940105        -5.080047947
x995         0.994005994      0.005990879557      0.005990929381        -5.080047947
x996         0.995004995      0.004992411381      0.004992452902        -5.080047947
x997         0.996003996      0.003993938443       0.00399397166        -5.080047947
x998         0.997002997      0.002995460789      0.002995485702        -5.080047946
x999         0.998001998      0.001996978467      0.001996995075        -5.080047947
x1000         0.999000999     0.0009984915215     0.0009984998256         -5.08004795

Maximum relative error: -5.080047957 for i=141.
Operation time: 2.3e-05s


() 
