-792        3.1e-06
-784          4e-07
-776          4e-08
-768       1.28e-06
-760          4e-08
-756       1.92e-06
-752        6.2e-07
-748       1.34e-06
-744        8.4e-07
-740       2.16e-06
-736        9.6e-07
-732       2.74e-06
-728       2.48e-06
-724       2.26e-06
-720        5.4e-06
-716       7.74e-06
-712      1.452e-05
-708       1.71e-05
-704      3.078e-05
-700      3.714e-05
-696      4.628e-05
-692       6.12e-05
-688      9.202e-05
-684       0.000114
-680     0.00016892
-676     0.00021662
-672     0.00027062
-668     0.00032784
-664     0.00037336
-660     0.00047256
-656     0.00053706
-652     0.00069486
-648     0.00080972
-644     0.00101664
-640     0.00120426
-636     0.00143664
-632     0.00170474
-628     0.00211084
-624     0.00249162
-620     0.00282878
-616     0.00324128
-612     0.00366856
-608     0.00419398
-604     0.00476562
-600     0.00533234
-596      0.0059409
-592     0.00666132
-588     0.00735214
-584      0.0081019
-580     0.00890702
-576     0.00964918
-572      0.0104524
-568      0.0112868
-564      0.0122121
-560      0.0130768
-556      0.0140535
-552      0.0149509
-548      0.0159699
-544      0.0169085
-540      0.0179429
-536      0.0190091
-532      0.0199421
-528      0.0207846
-524      0.0216654
-520      0.0224956
-516      0.0231807
-512      0.0238553
-508      0.0243126
-504      0.0249465
-500      0.0256405
-496       0.026107
-492      0.0267077
-488      0.0269528
-484      0.0274145
-480      0.0273731
-476      0.0273337
-472       0.027129
-468      0.0269549
-464      0.0264799
-460      0.0259801
-456      0.0252669
-452      0.0243405
-448      0.0232184
-444       0.022155
-440      0.0210644
-436      0.0198188
-432      0.0184802
-428      0.0170586
-424      0.0157733
-420      0.0143766
-416        0.01302
-412      0.0117029
-408      0.0103063
-404      0.0091287
-400     0.00802638
-396      0.0068901
-392       0.005895
-388     0.00505022
-384     0.00424586
-380     0.00355262
-376     0.00290828
-372     0.00244894
-368     0.00196594
-364     0.00156712
-360       0.001268
-356     0.00104654
-352     0.00082888
-348     0.00063808
-344     0.00050278
-340      0.0003909
-336      0.0002919
-332     0.00020546
-328      0.0001618
-324     0.00011328
-320      7.924e-05
-316      5.954e-05
-312       3.75e-05
-308      2.548e-05
-304      1.578e-05
-300      1.056e-05
-296       6.38e-06
-292       3.86e-06
-288       3.94e-06
-284       1.96e-06
-280        9.4e-07
-276        8.6e-07
-272        5.4e-07
0        1.4e-07
