Non interactive case

N=150

rho_max		lamba 1		lambda 2	lambda 3
10		2.99859		6.99295		10.9828
8		2.9991		6.99549		10.989
6		2.99949		6.99747		10.9938
4.2		2.99976		6.99957		11.0232
4.1		2.99977		7.00037		11.0405	 best
4		2.9998		7.00175		11.067

N=200

rho_max		lamba 1		lambda 2	lambda 3
6		2.99972		6.99858		10.9965
4.3		2.99986		6.99971		11.0142
4.25		2.99986		6.9999		11.0192
4.2		2.99987		7.00016		11.0255
4.15		2.99987		7.0005		11.0334
4.125		2.99988		7.00071		11.0381
4.1		2.99988		7.00096		11.0433

