==== INTERACTIVE CASE ====

Number of meshpoints: 150
rho_max: 7.85
Omega: 0.25

==== JACOBI ALGORITHM ====

Matrix size: 149x149
Frobenius norm: OK
Jacobi operation time (s): 6.16385
Number of iterations: 36441

Eigenvalues: 
1.25
2.19281
3.19296
4.35533
5.7907
7.53638
9.59627
11.969
14.6531
17.6471
20.9496
24.5592
28.4742
32.6931
37.214
42.0349
47.154
52.5688
58.2771
64.2765
70.5643
77.1377
83.994
91.1301
98.543
106.229
114.186
122.409
130.895
139.641
148.642
157.895
167.395
177.138
187.121
197.339
207.787
218.46
229.355
240.465
251.788
263.316
275.046
286.972
299.089
311.392
323.876
336.534
349.361
362.352
375.501
388.802
402.249
415.837
429.559
443.41
457.383
471.473
485.673
499.976
514.377
528.87
543.447
558.103
572.831
587.625
602.477
617.383
632.335
647.326
662.35
677.4
692.471
707.554
722.644
737.734
752.818
767.888
782.938
797.961
812.952
827.903
842.808
857.659
872.452
887.179
901.833
916.409
930.9
945.3
959.601
973.799
987.887
1001.86
1015.71
1029.43
1043.01
1056.46
1069.75
1082.9
1095.89
1108.71
1121.37
1133.85
1146.15
1158.26
1170.18
1181.91
1193.43
1204.75
1215.85
1226.74
1237.41
1247.85
1258.07
1268.04
1277.78
1287.27
1296.52
1305.51
1314.25
1322.73
1330.94
1338.89
1346.57
1353.97
1361.1
1367.94
1374.51
1380.78
1386.77
1392.47
1397.87
1402.97
1407.78
1412.28
1416.48
1420.37
1423.96
1427.24
1430.21
1432.86
1435.2
1437.22
1438.92
1440.28
1441.26
1441.9
1443.05

====/ JACOBI ALGORITHM ====

