2       -7.19692        3.73302        5.82703        1.45676       0.365247         502103
2.01       -14.3825        7.46193       -91.7093       -22.6998       -13.1187         509585
2.02       -17.5645        11.1898       -177.374       -43.4698       -40.2278         511255
2.03       -20.7244        14.9102        -250.27        -60.732       -80.6701         524828
2.04       -26.8698        18.6259       -498.868       -119.874       -134.212         533846
2.05        -30.001        22.3368       -669.025       -159.197       -200.607         543201
2.06       -33.1143        26.0419       -809.355       -190.724       -279.593         554164
2.07       -37.1959        29.7361       -1083.31       -252.821       -370.794         573707
2.08       -41.2776        33.4304       -1440.63       -332.987       -474.246         573874
2.09       -40.3494        37.1216       -1357.45       -310.765       -589.661         580655
2.1       -47.4043        40.8071       -1920.11       -435.398       -716.748         591231
2.11       -50.4483        44.4891       -2290.26       -514.423       -855.364         597608
2.12       -55.4806        48.1672       -2851.24       -634.399        -1005.3         604974
2.13        -62.496        51.8398       -3622.83       -798.525       -1166.26         615299
2.14       -61.4968        55.5074       -3491.11       -762.319       -1338.09         624879
2.15       -68.4807        59.1695       -4343.08       -939.552       -1520.54         634538
2.16       -71.4456        62.8252       -4605.65        -987.15       -1713.36         646928
2.17       -74.3925        66.4749       -5123.79       -1088.11       -1916.37         658130
2.18       -76.3306        70.1219       -5302.54       -1115.76       -2129.56         663692
2.19       -83.2406        73.7592       -6349.93       -1323.98       -2352.33         681106
2.2       -86.1345        77.3914       -6936.48       -1433.16       -2584.75         691321
2.21       -89.0171        81.0197       -7280.67       -1490.69       -2826.72         698917
2.22       -93.8764        84.6403       -8306.43       -1685.42       -3077.81         713160
2.23        -96.717        88.2546       -8992.13       -1808.23       -3337.92         724629
2.24       -99.5471        91.8655       -9339.08       -1861.26        -3607.1         731228
2.25       -105.362        95.4714       -10448.6       -2063.93       -3885.06         740248
2.26       -108.162        99.0722       -10877.9       -2129.75       -4171.63         750506
2.27       -111.953         102.67       -11840.2       -2297.77       -4466.87         756058
2.28       -118.709        106.256       -13344.2       -2566.98       -4769.78         777353
2.29       -121.454        109.839       -14147.6       -2697.81       -5080.96         783759
2.3       -132.182        113.416       -16744.8       -3165.37       -5400.05         794797
