Number of meshpoints: 100
rho_max: 100
Non interactive case

==== JACOBI ALGORITHM ====

Matrix size: 99x99
Frobenius norm: OK
Jacobi operation time: 0.044113s
Number of iterations: 538

Eigenvalues: 
2.68427
6.14911
11.1969
18.315
27.4868
38.7043
51.9648
67.267
84.6107
103.995
125.421
148.887
174.394
201.942
231.531
263.16
296.83
332.54
370.291
410.083
451.915
495.788
541.702
589.656
639.651
691.686
745.762
801.879
860.036
920.234
982.473
1046.75
1113.07
1181.43
1251.83
1324.27
1398.76
1475.28
1553.84
1634.45
1717.09
1801.78
1888.5
1977.27
2068.08
2160.92
2255.81
2352.74
2451.71
2552.72
2655.77
2760.86
2867.99
2977.17
3088.38
3201.63
3316.93
3434.26
3553.64
3675.05
3798.51
3924.01
4051.55
4181.13
4312.74
4446.4
4582.11
4719.85
4859.63
5001.45
5145.31
5291.22
5439.16
5589.15
5741.17
5895.24
6051.34
6209.49
6369.68
6531.91
6696.18
6862.48
7030.83
7201.23
7373.66
7548.13
7724.64
7903.19
8083.79
8266.42
8451.1
8637.81
8826.57
9017.37
9210.2
9405.08
9602
9800.96
10002

====/ JACOBI ALGORITHM ====

