Number of meshpoints: 100
rho_max: 500
Non interactive case

==== JACOBI ALGORITHM ====

Matrix size: 99x99
Frobenius norm: OK
Jacobi operation time: 0.013319s
Number of iterations: 195

Eigenvalues: 
25.586
102.109
229.647
408.2
637.768
918.352
1249.95
1632.56
2066.19
2550.84
3086.5
3673.17
4310.86
4999.57
5739.29
6530.02
7371.78
8264.54
9208.32
10203.1
11248.9
12345.8
13493.6
14692.5
15942.3
17243.2
18595.1
19998
21452
22956.9
24512.9
26119.9
27777.9
29486.9
31246.9
33057.9
34920
36833.1
38797.1
40812.2
42878.4
44995.5
47163.6
49382.8
51653
53974.2
56346.4
58769.6
61243.8
63769.1
66345.3
68972.6
71650.9
74380.2
77160.6
79991.9
82874.3
85807.6
88792
91827.4
94913.9
98051.3
101240
104479
107770
111111
114504
117947
121442
124987
128584
132231
135930
139680
143480
147332
151235
155188
159193
163249
167355
171513
175722
179982
184292
188654
193067
197531
202046
206612
211229
215896
220615
225385
230206
235078
240001
244975
250000

====/ JACOBI ALGORITHM ====

