Number of meshpoints: 100
rho_max: 50
Non interactive case

==== JACOBI ALGORITHM ====

Matrix size: 99x99
Frobenius norm: OK
Jacobi operation time: 0.133158s
Number of iterations: 1644

Eigenvalues: 
2.9178
6.57391
9.91181
12.8641
15.3956
17.9171
20.9793
24.6475
28.8795
33.6528
38.9558
44.7821
51.1276
57.9899
65.3671
73.2582
81.6622
90.5786
100.007
109.947
120.398
131.36
142.833
154.817
167.312
180.317
193.833
207.859
222.396
237.443
253
269.068
285.646
302.735
320.334
338.443
357.062
376.191
395.831
415.981
436.642
457.812
479.493
501.684
524.385
547.596
571.317
595.549
620.291
645.543
671.305
697.577
724.36
751.653
779.456
807.769
836.592
865.925
895.769
926.123
956.987
988.361
1020.25
1052.64
1085.54
1118.96
1152.88
1187.32
1222.26
1257.72
1293.68
1330.16
1367.15
1404.64
1442.65
1481.17
1520.19
1559.73
1599.78
1640.33
1681.4
1722.98
1765.06
1807.66
1850.77
1894.39
1938.52
1983.15
2028.3
2073.96
2120.13
2166.81
2214
2261.7
2309.91
2358.62
2407.85
2457.59
2508.15

====/ JACOBI ALGORITHM ====

