Number of meshpoints: 100
rho_max: 25
Non interactive case

==== JACOBI ALGORITHM ====

Matrix size: 99x99
Frobenius norm: OK
Jacobi operation time: 0.736846s
Number of iterations: 7867

Eigenvalues: 
2.97993
6.89886
10.7511
14.5349
18.2481
21.8886
25.4538
28.9409
32.3468
35.6678
38.8999
42.038
45.0764
48.0077
50.8231
53.5104
56.0532
58.4261
60.5921
62.5511
64.4956
66.6555
69.0601
71.6766
74.4814
77.46
80.6024
83.9018
87.3531
90.9521
94.6959
98.582
102.608
106.773
111.075
115.513
120.086
124.794
129.634
134.608
139.714
144.952
150.321
155.821
161.452
167.214
173.105
179.127
185.278
191.559
197.97
204.51
211.178
217.976
224.903
231.959
239.143
246.456
253.898
261.468
269.167
276.994
284.949
293.032
301.244
309.584
318.052
326.648
335.373
344.225
353.206
362.314
371.55
380.915
390.407
400.027
409.775
419.651
429.655
439.786
450.046
460.433
470.948
481.591
492.361
503.26
514.286
525.439
536.721
548.13
559.667
571.332
583.124
595.046
607.116
619.493
632.861
648.707
669.693

====/ JACOBI ALGORITHM ====

