Number of meshpoints: 100
rho_max: 200
Non interactive case

==== JACOBI ALGORITHM ====

Matrix size: 99x99
Frobenius norm: OK
Jacobi operation time: 0.023632s
Number of iterations: 346

Eigenvalues: 
4.56636
16.8169
37.2218
65.79
102.521
147.414
200.47
261.688
331.069
408.612
494.317
588.185
690.216
800.408
918.764
1045.28
1179.96
1322.8
1473.81
1632.98
1800.31
1975.8
2159.45
2351.27
2551.25
2759.39
2975.7
3200.16
3432.79
3673.58
3922.54
4179.66
4444.93
4718.38
4999.98
5289.75
5587.68
5893.77
6208.02
6530.44
6861.01
7199.76
7546.66
7901.72
8264.95
8636.34
9015.9
9403.61
9799.49
10203.5
10615.7
11036.1
11464.6
11901.3
12346.2
12799.2
13260.4
13729.7
14207.2
14692.9
15186.7
15688.7
16198.8
16717.2
17243.6
17778.3
18321.1
18872
19431.2
19998.4
20573.9
21157.5
21749.3
22349.2
22957.3
23573.6
24198
24830.6
25471.4
26120.3
26777.3
27442.6
28116
28797.6
29487.3
30185.2
30891.2
31605.4
32327.8
33058.3
33797
34543.9
35298.9
36062.1
36833.5
37613
38400.7
39196.5
40000.5

====/ JACOBI ALGORITHM ====

