Number of meshpoints: 100
rho_max: 1000
Non interactive case

==== JACOBI ALGORITHM ====

Matrix size: 99x99
Frobenius norm: OK
Jacobi operation time: 0.008064s
Number of iterations: 143

Eigenvalues: 
102.05
408.141
918.293
1632.51
2550.78
3673.11
4999.51
6529.97
8264.48
10203.1
12345.7
14692.4
17243.2
19998
22956.9
26119.8
29486.8
33057.9
36833
40812.2
44995.4
49382.7
53974.1
58769.5
63769
68972.6
74380.2
79991.9
85807.6
91827.4
98051.2
104479
111111
117947
124987
132231
139680
147332
155188
163249
171513
179982
188654
197531
206612
215896
225385
235078
244975
255076
265381
275890
286603
297521
308642
319967
331497
343230
355168
367309
379655
392205
404959
417917
431078
444444
458015
471789
485767
499949
514335
528926
543720
558719
573921
589328
604938
620753
636772
652995
669422
686052
702887
719927
737170
754617
772268
790123
808183
826446
844914
863585
882461
901541
920824
940312
960004
979900
1e+06

====/ JACOBI ALGORITHM ====

