Number of meshpoints: 100
rho_max: 75
Non interactive case

==== JACOBI ALGORITHM ====

Matrix size: 99x99
Frobenius norm: OK
Jacobi operation time: 0.059919s
Number of iterations: 804

Eigenvalues: 
2.80665
5.97971
8.94432
12.8375
17.9402
24.2201
31.6613
40.2573
50.0052
60.9034
72.9512
86.1478
100.493
115.987
132.629
150.419
169.357
189.443
210.678
233.06
256.59
281.268
307.094
334.068
362.19
391.459
421.877
453.442
486.156
520.017
555.026
591.183
628.487
666.94
706.54
747.288
789.185
832.229
876.42
921.76
968.248
1015.88
1064.67
1114.6
1165.68
1217.9
1271.28
1325.8
1381.47
1438.29
1496.25
1555.37
1615.63
1677.04
1739.6
1803.3
1868.16
1934.16
2001.3
2069.6
2139.05
2209.64
2281.38
2354.27
2428.3
2503.49
2579.82
2657.3
2735.92
2815.7
2896.62
2978.69
3061.91
3146.28
3231.79
3318.45
3406.26
3495.22
3585.33
3676.58
3768.98
3862.53
3957.23
4053.07
4150.06
4248.21
4347.49
4447.93
4549.51
4652.25
4756.13
4861.15
4967.33
5074.65
5183.12
5292.74
5403.51
5515.42
5628.51

====/ JACOBI ALGORITHM ====

