Number of meshpoints: 100
rho_max: 2
Non interactive case

==== JACOBI ALGORITHM ====

Matrix size: 99x99
Frobenius norm: OK
Jacobi operation time: 1.30382s
Number of iterations: 16761

Eigenvalues: 
3.49914
10.9966
23.0993
39.9978
61.6911
88.16
119.379
155.318
195.94
241.207
291.074
345.49
404.404
467.755
535.483
607.519
683.794
764.231
848.752
937.272
1029.71
1125.96
1225.94
1329.55
1436.68
1547.24
1661.1
1778.16
1898.31
2021.42
2147.37
2276.04
2407.3
2541.03
2677.08
2815.33
2955.64
3097.87
3241.88
3387.52
3534.66
3683.16
3832.85
3983.6
4135.25
4287.66
4440.68
4594.16
4747.93
4901.86
5055.79
5209.57
5363.04
5516.06
5668.47
5820.12
5970.87
6120.57
6269.06
6416.2
6561.85
6705.85
6848.08
6988.39
7126.64
7262.69
7396.42
7527.68
7656.35
7782.3
7905.41
8025.56
8142.62
8256.48
8367.04
8474.17
8577.78
8677.76
8774.01
8866.45
8954.97
9039.49
9119.93
9196.2
9268.24
9335.96
9399.31
9458.23
9512.64
9562.51
9607.78
9648.4
9684.33
9715.55
9742.01
9763.7
9780.58
9792.62
9799.81

====/ JACOBI ALGORITHM ====

