final time = 0.2

0              0
0.01   0.0082848952
0.02    0.016571902
0.03    0.024862707
0.04    0.033158992
0.05    0.041462435
0.06    0.049774704
0.07    0.058097461
0.08    0.066432353
0.09     0.07478102
0.1    0.083145083
0.11    0.091526151
0.12    0.099925815
0.13     0.10834565
0.14      0.1167872
0.15       0.125252
0.16     0.13374156
0.17     0.14225736
0.18     0.15080086
0.19     0.15937348
0.2     0.16797663
0.21     0.17661168
0.22     0.18527996
0.23     0.19398278
0.24     0.20272141
0.25     0.21149708
0.26     0.22031101
0.27     0.22916433
0.28     0.23805819
0.29     0.24699365
0.3     0.25597177
0.31     0.26499354
0.32     0.27405991
0.33      0.2831718
0.34     0.29233008
0.35     0.30153556
0.36     0.31078901
0.37     0.32009118
0.38     0.32944273
0.39     0.33884429
0.4     0.34829645
0.41     0.35779974
0.42     0.36735463
0.43     0.37696155
0.44     0.38662089
0.45     0.39633297
0.46     0.40609807
0.47     0.41591639
0.48     0.42578813
0.49     0.43571338
0.5     0.44569222
0.51     0.45572465
0.52     0.46581064
0.53     0.47595008
0.54     0.48614284
0.55     0.49638871
0.56     0.50668743
0.57     0.51703871
0.58     0.52744218
0.59     0.53789744
0.6     0.54840403
0.61     0.55896144
0.62      0.5695691
0.63     0.58022641
0.64     0.59093272
0.65     0.60168731
0.66     0.61248942
0.67     0.62333826
0.68     0.63423298
0.69     0.64517269
0.7     0.65615644
0.71     0.66718327
0.72     0.67825213
0.73     0.68936198
0.74     0.70051171
0.75     0.71170017
0.76     0.72292617
0.77     0.73418851
0.78     0.74548592
0.79     0.75681712
0.8     0.76818078
0.81     0.77957555
0.82     0.79100004
0.83     0.80245284
0.84     0.81393251
0.85     0.82543758
0.86     0.83696655
0.87     0.84851791
0.88     0.86009012
0.89     0.87168163
0.9     0.88329085
0.91     0.89491618
0.92     0.90655603
0.93     0.91820876
0.94     0.92987274
0.95     0.94154632
0.96     0.95322784
0.97     0.96491564
0.98     0.97660805
0.99      0.9883034
1              1
