0            nan            inf      0.0003524      0.0003524           -inf              1
250        -118.66   5.03438e+177       0.944756       0.944756           -inf          134.5
500       -202.322   2.51719e+177        5.10931        5.10931           -inf            231
750       -263.639   1.67813e+177         12.587         12.587           -inf            298
1000       -308.207    1.2586e+177        22.3621        22.3621           -inf          349.5
1250       -343.463   1.00688e+177        34.1035        34.1035           -inf            394
1500       -373.726   8.39064e+176        47.8871        47.8871           -inf            432
1750       -398.929   7.19197e+176        63.0193        63.0193           -inf          462.5
2000       -419.383   6.29298e+176        78.8398        78.8398           -inf          493.5
2250       -436.118   5.59376e+176        95.0769        95.0769           -inf            521
2500       -449.732   5.03438e+176        111.442        111.442           -inf            546
2750       -462.063   4.57671e+176        128.565        128.565           -inf          572.5
3000       -473.026   4.19532e+176         146.17         146.17           -inf            594
3250       -483.176    3.8726e+176        164.454        164.454           -inf          622.5
3500       -492.759   3.59599e+176        183.501        183.501           -inf          647.5
3750         -501.5   3.35625e+176        202.964        202.964           -inf          665.5
4000       -509.238   3.14649e+176        222.523        222.523           -inf            680
4250       -516.039    2.9614e+176        242.055        242.055           -inf          704.5
4500       -521.961   2.79688e+176        261.455        261.455           -inf          726.5
4750       -527.439   2.64967e+176        281.076        281.076           -inf          745.5
5000       -532.268   2.51719e+176        300.559        300.559           -inf            768
5250       -536.759   2.39732e+176        320.208        320.208           -inf          784.5
5500       -540.601   2.28836e+176         339.51         339.51           -inf          807.5
5750       -544.237   2.18886e+176        358.987        358.987           -inf            828
6000       -547.321   2.09766e+176        378.082        378.082           -inf          852.5
6250       -550.458   2.01375e+176        397.646        397.646           -inf          876.5
6500       -553.516    1.9363e+176        417.481        417.481           -inf            896
6750       -556.463   1.86459e+176        437.525        437.525           -inf            916
7000       -559.446   1.79799e+176        458.009        458.009           -inf          941.5
7250       -562.495   1.73599e+176        479.001        479.001           -inf          963.5
7500       -565.459   1.67813e+176        500.239        500.239           -inf          980.5
7750       -568.254   1.62399e+176        521.519        521.519           -inf          999.5
8000        -570.94   1.57324e+176        542.928        542.928           -inf           1019
8250       -573.581   1.52557e+176        564.593        564.593           -inf         1036.5
8500       -576.008    1.4807e+176        586.134        586.134           -inf         1053.5
8750       -578.289   1.43839e+176        607.664        607.664           -inf         1068.5
9000       -580.532   1.39844e+176        629.415        629.415           -inf         1087.5
9250       -582.736   1.36064e+176        651.369        651.369           -inf         1102.5
9500       -584.809   1.32484e+176        673.277        673.277           -inf         1119.5
9750       -586.741   1.29087e+176         695.09         695.09           -inf           1141
10000       -588.615    1.2586e+176        716.993        716.993           -inf           1163
10250        -590.29    1.2279e+176        738.606        738.606           -inf         1182.5
10500       -591.984   1.19866e+176        760.479        760.479           -inf         1201.5
10750       -593.824   1.17079e+176        783.016        783.016           -inf         1213.5
11000       -595.613   1.14418e+176        805.665        805.665           -inf           1229
11250       -597.344   1.11875e+176        828.363        828.363           -inf           1247
11500       -599.187   1.09443e+176        851.669        851.669           -inf           1261
11750       -600.961   1.07115e+176        875.018        875.018           -inf         1272.5
12000       -602.643   1.04883e+176        898.341        898.341           -inf         1286.5
12250       -604.373   1.02742e+176        922.077        922.077           -inf         1295.5
12500       -605.982   1.00688e+176        945.632        945.632           -inf         1305.5
12750       -607.453   9.87134e+175         968.94         968.94           -inf         1317.5
13000       -608.931    9.6815e+175        992.449        992.449           -inf           1330
13250       -610.384   9.49883e+175        1016.05        1016.05           -inf           1340
13500       -611.731   9.32293e+175        1039.45        1039.45           -inf           1352
13750       -613.006   9.15342e+175        1062.75        1062.75           -inf         1369.5
14000       -614.291   8.98997e+175        1086.27        1086.27           -inf           1381
14250       -615.515   8.83225e+175        1109.72        1109.72           -inf         1394.5
14500       -616.631   8.67997e+175        1132.91        1132.91           -inf         1405.5
14750       -617.665   8.53285e+175        1155.91        1155.91           -inf           1420
15000       -618.779   8.39064e+175         1179.4         1179.4           -inf           1431
15250       -619.856   8.25309e+175        1202.89        1202.89           -inf         1440.5
15500       -621.013   8.11997e+175         1226.9         1226.9           -inf         1449.5
15750       -622.216   7.99108e+175        1251.26        1251.26           -inf           1458
16000       -623.354   7.86622e+175        1275.51        1275.51           -inf           1467
16250       -624.443    7.7452e+175        1299.71        1299.71           -inf         1478.5
16500       -625.492   7.62785e+175        1323.88        1323.88           -inf         1490.5
16750       -626.508     7.514e+175        1348.07        1348.07           -inf         1500.5
17000       -627.535    7.4035e+175        1372.45        1372.45           -inf         1509.5
17250       -628.538   7.29621e+175        1396.89        1396.89           -inf         1518.5
17500       -629.517   7.19197e+175        1421.34        1421.34           -inf           1525
17750       -630.536   7.09068e+175        1446.09        1446.09           -inf         1532.5
18000       -631.531    6.9922e+175        1470.89        1470.89           -inf         1546.5
18250       -632.585   6.89641e+175        1496.11        1496.11           -inf           1553
18500       -633.697   6.80322e+175         1521.8         1521.8           -inf           1562
18750       -634.781   6.71251e+175        1547.51        1547.51           -inf           1566
19000       -635.837   6.62419e+175        1573.23        1573.23           -inf         1571.5
19250       -636.904   6.53816e+175        1599.14        1599.14           -inf         1574.5
19500       -637.952   6.45434e+175        1625.08        1625.08           -inf           1579
19750       -638.945   6.37264e+175        1650.88        1650.88           -inf           1583
20000        -639.92   6.29298e+175        1676.71        1676.71           -inf           1587
20250       -640.872   6.21529e+175        1702.54        1702.54           -inf           1591
20500       -641.792   6.13949e+175        1728.32        1728.32           -inf         1595.5
20750       -642.674   6.06552e+175        1754.02        1754.02           -inf         1599.5
21000       -643.511   5.99331e+175         1779.6         1779.6           -inf         1603.5
21250       -644.328    5.9228e+175        1805.16        1805.16           -inf           1609
21500        -645.14   5.85393e+175         1830.8         1830.8           -inf         1616.5
21750        -645.92   5.78665e+175        1856.36        1856.36           -inf           1622
22000       -646.683   5.72089e+175        1881.92        1881.92           -inf           1625
22250       -647.413   5.65661e+175        1907.39        1907.39           -inf         1629.5
22500       -648.093   5.59376e+175        1932.68        1932.68           -inf           1636
22750       -648.752   5.53229e+175        1957.92        1957.92           -inf           1641
23000       -649.433   5.47215e+175        1983.37        1983.37           -inf           1650
23250       -650.116   5.41331e+175        2008.91        2008.91           -inf           1656
23500       -650.807   5.35573e+175        2034.58        2034.58           -inf         1662.5
23750       -651.482   5.29935e+175        2060.25        2060.25           -inf         1668.5
24000       -652.137   5.24415e+175        2085.86        2085.86           -inf         1674.5
24250       -652.773   5.19008e+175        2111.45        2111.45           -inf           1681
24500       -653.387   5.13712e+175        2136.98        2136.98           -inf           1691
24750       -653.965   5.08523e+175        2162.33        2162.33           -inf           1697
25000       -654.517   5.03438e+175        2187.56        2187.56           -inf         1704.5
25250       -655.087   4.98454e+175        2213.03        2213.03           -inf           1708
25500       -655.672   4.93567e+175        2238.66        2238.66           -inf           1712
25750       -656.231   4.88775e+175         2264.2         2264.2           -inf           1719
26000       -656.776   4.84075e+175        2289.71        2289.71           -inf         1725.5
26250       -657.311   4.79465e+175        2315.22        2315.22           -inf         1734.5
26500       -657.823   4.74942e+175        2340.63        2340.63           -inf           1743
26750       -658.323   4.70503e+175        2366.03        2366.03           -inf           1749
27000       -658.772   4.66147e+175        2391.16        2391.16           -inf         1759.5
27250       -659.215    4.6187e+175        2416.29        2416.29           -inf           1769
27500       -659.649   4.57671e+175        2441.42        2441.42           -inf           1779
27750       -660.067   4.53548e+175        2466.49        2466.49           -inf           1788
28000       -660.486   4.49498e+175        2491.61        2491.61           -inf           1795
28250       -660.902   4.45521e+175        2516.77        2516.77           -inf           1801
28500       -661.312   4.41612e+175        2541.93        2541.93           -inf         1810.5
28750       -661.716   4.37772e+175        2567.09        2567.09           -inf           1821
29000       -662.125   4.33998e+175        2592.34        2592.34           -inf           1828
29250       -662.528   4.30289e+175         2617.6         2617.6           -inf         1834.5
29500       -662.912   4.26643e+175        2642.76        2642.76           -inf           1842
29750       -663.279   4.23057e+175        2667.84        2667.84           -inf           1853
30000       -663.676   4.19532e+175        2693.19        2693.19           -inf           1863
30250       -664.044   4.16065e+175        2718.34        2718.34           -inf           1870
30500       -664.389   4.12654e+175        2743.36        2743.36           -inf         1882.5
30750        -664.71   4.09299e+175        2768.23        2768.23           -inf           1889
31000       -665.036   4.05999e+175        2793.21        2793.21           -inf           1897
31250       -665.372   4.02751e+175         2818.3         2818.3           -inf         1903.5
31500       -665.718   3.99554e+175        2843.52        2843.52           -inf           1909
31750       -666.075   3.96408e+175        2868.85        2868.85           -inf         1917.5
32000       -666.435   3.93311e+175        2894.26        2894.26           -inf           1923
32250       -666.796   3.90262e+175        2919.71        2919.71           -inf         1927.5
32500       -667.164    3.8726e+175        2945.27        2945.27           -inf         1935.5
32750       -667.532   3.84304e+175        2970.87        2970.87           -inf           1941
33000       -667.896   3.81393e+175        2996.47        2996.47           -inf         1948.5
33250       -668.248   3.78525e+175        3022.03        3022.03           -inf           1954
33500       -668.582     3.757e+175        3047.47        3047.47           -inf           1959
33750       -668.923   3.72917e+175           3073           3073           -inf         1966.5
34000        -669.27   3.70175e+175        3098.63        3098.63           -inf         1972.5
34250       -669.608   3.67473e+175        3124.23        3124.23           -inf           1978
34500        -669.93    3.6481e+175        3149.67        3149.67           -inf           1982
34750       -670.247   3.62186e+175        3175.09        3175.09           -inf           1988
35000       -670.562   3.59599e+175        3200.52        3200.52           -inf           1990
35250       -670.887   3.57048e+175        3226.14        3226.14           -inf           1994
35500       -671.187   3.54534e+175        3251.55        3251.55           -inf           1998
35750       -671.515   3.52055e+175        3277.28        3277.28           -inf           2002
36000        -671.84    3.4961e+175        3303.04        3303.04           -inf           2008
36250       -672.151   3.47199e+175         3328.7         3328.7           -inf         2011.5
36500       -672.457   3.44821e+175        3354.35        3354.35           -inf         2018.5
36750       -672.767   3.42475e+175        3380.07        3380.07           -inf         2021.5
37000       -673.054   3.40161e+175        3405.58        3405.58           -inf           2030
37250       -673.335   3.37878e+175        3431.07        3431.07           -inf         2033.5
37500       -673.599   3.35625e+175        3456.45        3456.45           -inf           2037
37750       -673.848   3.33403e+175        3481.74        3481.74           -inf           2043
38000       -674.106   3.31209e+175        3507.13        3507.13           -inf           2048
38250        -674.34   3.29045e+175        3532.34        3532.34           -inf         2055.5
38500       -674.543   3.26908e+175         3557.2         3557.2           -inf         2060.5
38750       -674.775   3.24799e+175        3582.43        3582.43           -inf         2068.5
39000       -675.033   3.22717e+175        3607.94        3607.94           -inf         2071.5
39250       -675.299   3.20661e+175        3633.56        3633.56           -inf         2074.5
39500       -675.561   3.18632e+175        3659.17        3659.17           -inf           2081
39750       -675.814   3.16628e+175        3684.73        3684.73           -inf           2085
40000       -676.056   3.14649e+175         3710.2         3710.2           -inf         2091.5
40250       -676.287   3.12695e+175        3735.59        3735.59           -inf           2099
40500        -676.52   3.10764e+175        3761.01        3761.01           -inf         2107.5
40750        -676.75   3.08858e+175        3786.45        3786.45           -inf         2112.5
41000       -676.994   3.06975e+175        3812.04        3812.04           -inf           2118
41250       -677.232   3.05114e+175        3837.62        3837.62           -inf         2122.5
41500       -677.443   3.03276e+175        3862.93        3862.93           -inf           2130
41750       -677.661    3.0146e+175        3888.34        3888.34           -inf         2136.5
42000       -677.886   2.99666e+175        3913.85        3913.85           -inf         2142.5
42250       -678.093   2.97892e+175        3939.14        3939.14           -inf           2150
42500       -678.297    2.9614e+175        3964.44        3964.44           -inf         2157.5
42750       -678.477   2.94408e+175        3989.48        3989.48           -inf         2162.5
43000       -678.665   2.92697e+175        4014.65        4014.65           -inf           2169
43250       -678.882   2.91005e+175        4040.19        4040.19           -inf         2172.5
43500        -679.09   2.89332e+175        4065.66        4065.66           -inf           2177
43750       -679.294   2.87679e+175        4091.11        4091.11           -inf           2184
44000       -679.502   2.86044e+175        4116.62        4116.62           -inf           2190
44250        -679.72   2.84428e+175        4142.27        4142.27           -inf           2194
44500       -679.941    2.8283e+175        4167.98        4167.98           -inf           2195
44750       -680.151    2.8125e+175         4193.6         4193.6           -inf           2199
45000        -680.34   2.79688e+175        4218.99        4218.99           -inf         2205.5
45250         -680.5   2.78143e+175           4244           4244           -inf           2209
45500       -680.667   2.76614e+175        4269.13        4269.13           -inf         2212.5
45750       -680.834   2.75103e+175        4294.27        4294.27           -inf         2217.5
46000       -681.021   2.73608e+175        4319.73        4319.73           -inf         2221.5
46250       -681.208   2.72129e+175        4345.18        4345.18           -inf           2228
46500       -681.379   2.70666e+175        4370.42        4370.42           -inf           2234
46750       -681.561   2.69218e+175        4395.82        4395.82           -inf         2240.5
47000       -681.772   2.67786e+175        4421.64        4421.64           -inf           2246
47250       -681.986   2.66369e+175        4447.52        4447.52           -inf           2248
47500       -682.184   2.64967e+175        4473.24        4473.24           -inf         2251.5
47750       -682.338    2.6358e+175        4498.36        4498.36           -inf           2258
48000       -682.494   2.62207e+175        4523.53        4523.53           -inf           2263
48250       -682.647   2.60849e+175         4548.7         4548.7           -inf           2268
48500       -682.804   2.59504e+175        4573.93        4573.93           -inf         2271.5
48750       -682.969   2.58173e+175        4599.28        4599.28           -inf           2274
49000       -683.133   2.56856e+175        4624.62        4624.62           -inf         2279.5
49250       -683.301   2.55552e+175        4650.07        4650.07           -inf           2283
49500        -683.48   2.54262e+175        4675.71        4675.71           -inf         2288.5
49750       -683.649   2.52984e+175        4701.23        4701.23           -inf           2292
50000       -683.815   2.51719e+175        4726.75        4726.75           -inf           2297
50250       -683.981   2.50467e+175        4752.27        4752.27           -inf           2299
50500       -684.141   2.49227e+175        4777.74        4777.74           -inf         2303.5
50750       -684.296   2.47999e+175        4803.14        4803.14           -inf           2308
51000       -684.454   2.46783e+175        4828.62        4828.62           -inf           2314
51250       -684.598    2.4558e+175        4853.95        4853.95           -inf           2322
51500       -684.737   2.44387e+175        4879.22        4879.22           -inf         2328.5
51750       -684.907   2.43207e+175        4904.91        4904.91           -inf         2331.5
52000        -685.07   2.42038e+175        4930.52        4930.52           -inf         2336.5
52250       -685.229    2.4088e+175         4956.1         4956.1           -inf         2339.5
52500       -685.384   2.39732e+175        4981.65        4981.65           -inf         2344.5
52750       -685.537   2.38596e+175        5007.19        5007.19           -inf           2350
53000       -685.694   2.37471e+175         5032.8         5032.8           -inf           2354
53250       -685.849   2.36356e+175        5058.39        5058.39           -inf           2359
53500       -686.004   2.35252e+175           5084           5084           -inf           2361
53750       -686.163   2.34157e+175        5109.69        5109.69           -inf           2366
54000       -686.299   2.33073e+175        5135.08        5135.08           -inf           2371
54250       -686.432   2.31999e+175        5160.44        5160.44           -inf           2375
54500        -686.57   2.30935e+175        5185.89        5185.89           -inf         2378.5
54750       -686.705    2.2988e+175        5211.31        5211.31           -inf           2387
55000       -686.838   2.28836e+175        5236.71        5236.71           -inf           2393
55250       -686.983     2.278e+175         5262.3         5262.3           -inf           2397
55500       -687.117   2.26774e+175        5287.74        5287.74           -inf           2403
55750       -687.241   2.25757e+175        5313.07        5313.07           -inf           2408
56000       -687.365   2.24749e+175         5338.4         5338.4           -inf         2412.5
56250       -687.497    2.2375e+175        5363.86        5363.86           -inf           2415
56500        -687.63    2.2276e+175        5389.35        5389.35           -inf           2421
56750       -687.759   2.21779e+175         5414.8         5414.8           -inf         2425.5
57000       -687.875   2.20806e+175        5440.08        5440.08           -inf           2433
57250       -687.976   2.19842e+175        5465.15        5465.15           -inf           2439
57500       -688.085   2.18886e+175        5490.34        5490.34           -inf         2444.5
57750       -688.203   2.17939e+175        5515.68        5515.68           -inf         2449.5
58000       -688.311   2.16999e+175        5540.89        5540.89           -inf         2456.5
58250       -688.423   2.16068e+175        5566.16        5566.16           -inf           2460
58500        -688.53   2.15145e+175        5591.31        5591.31           -inf           2466
58750       -688.634   2.14229e+175        5616.43        5616.43           -inf           2469
59000       -688.724   2.13321e+175         5641.3         5641.3           -inf         2476.5
59250       -688.827   2.12421e+175        5666.42        5666.42           -inf           2480
59500       -688.924   2.11529e+175        5691.47        5691.47           -inf           2485
59750       -689.023   2.10644e+175        5716.58        5716.58           -inf           2495
60000        -689.14   2.09766e+175        5741.97        5741.97           -inf           2499
60250       -689.255   2.08896e+175        5767.38        5767.38           -inf           2502
60500       -689.368   2.08032e+175        5792.77        5792.77           -inf         2509.5
60750        -689.49   2.07176e+175         5818.3         5818.3           -inf         2516.5
61000       -689.599   2.06327e+175        5843.66        5843.66           -inf           2519
61250       -689.706   2.05485e+175           5869           5869           -inf         2522.5
61500       -689.812    2.0465e+175        5894.31        5894.31           -inf         2529.5
61750       -689.921   2.03821e+175        5919.69        5919.69           -inf         2532.5
62000       -690.037   2.02999e+175        5945.21        5945.21           -inf         2535.5
62250       -690.157   2.02184e+175        5970.78        5970.78           -inf         2539.5
62500       -690.268   2.01375e+175        5996.24        5996.24           -inf         2542.5
62750       -690.383   2.00573e+175        6021.76        6021.76           -inf           2545
63000         -690.5   1.99777e+175        6047.33        6047.33           -inf           2548
63250       -690.621   1.98987e+175        6072.97        6072.97           -inf         2550.5
63500       -690.737   1.98204e+175        6098.56        6098.56           -inf         2554.5
63750       -690.848   1.97427e+175        6124.05        6124.05           -inf         2557.5
64000       -690.958   1.96656e+175        6149.55        6149.55           -inf         2561.5
64250       -691.067    1.9589e+175        6175.06        6175.06           -inf         2566.5
64500       -691.175   1.95131e+175        6200.55        6200.55           -inf         2569.5
64750       -691.282   1.94378e+175        6226.05        6226.05           -inf           2571
65000       -691.383    1.9363e+175        6251.44        6251.44           -inf         2575.5
65250       -691.478   1.92888e+175        6276.75        6276.75           -inf           2581
65500       -691.573   1.92152e+175        6302.08        6302.08           -inf           2583
65750        -691.67   1.91421e+175        6327.45        6327.45           -inf           2587
66000       -691.774   1.90696e+175        6352.93        6352.93           -inf           2592
66250       -691.877   1.89977e+175        6378.41        6378.41           -inf           2593
66500       -691.975   1.89262e+175        6403.83        6403.83           -inf         2596.5
66750       -692.063   1.88554e+175        6429.08        6429.08           -inf           2601
67000       -692.142    1.8785e+175        6454.19        6454.19           -inf           2605
67250       -692.219   1.87152e+175        6479.27        6479.27           -inf           2609
67500       -692.287   1.86459e+175        6504.21        6504.21           -inf         2613.5
67750       -692.363   1.85771e+175        6529.29        6529.29           -inf           2622
68000       -692.439   1.85088e+175        6554.37        6554.37           -inf         2629.5
68250       -692.499    1.8441e+175         6579.2         6579.2           -inf           2636
68500       -692.565   1.83737e+175        6604.13        6604.13           -inf         2644.5
68750       -692.627   1.83068e+175        6629.01        6629.01           -inf         2655.5
69000       -692.696   1.82405e+175        6653.99        6653.99           -inf           2663
69250        -692.77   1.81747e+175        6679.07        6679.07           -inf         2670.5
69500       -692.847   1.81093e+175        6704.22        6704.22           -inf           2675
69750       -692.919   1.80444e+175        6729.29        6729.29           -inf           2680
70000       -692.991   1.79799e+175        6754.35        6754.35           -inf         2685.5
70250       -693.057    1.7916e+175        6779.32        6779.32           -inf           2692
70500       -693.112   1.78524e+175        6804.11        6804.11           -inf           2699
70750       -693.173   1.77893e+175        6829.01        6829.01           -inf           2707
71000       -693.236   1.77267e+175        6853.94        6853.94           -inf           2714
71250       -693.298   1.76645e+175        6878.87        6878.87           -inf         2718.5
71500       -693.357   1.76027e+175        6903.74        6903.74           -inf         2725.5
71750       -693.411   1.75414e+175        6928.53        6928.53           -inf         2736.5
72000       -693.462   1.74805e+175        6953.26        6953.26           -inf           2741
72250        -693.51     1.742e+175        6977.95        6977.95           -inf         2746.5
72500       -693.555   1.73599e+175         7002.6         7002.6           -inf         2753.5
72750       -693.602   1.73003e+175        7027.29        7027.29           -inf           2763
73000       -693.655    1.7241e+175        7052.07        7052.07           -inf           2773
73250       -693.714   1.71822e+175        7076.97        7076.97           -inf           2778
73500       -693.768   1.71237e+175        7101.79        7101.79           -inf         2784.5
73750       -693.817   1.70657e+175        7126.53        7126.53           -inf         2796.5
74000       -693.868    1.7008e+175        7151.31        7151.31           -inf         2805.5
74250       -693.919   1.69508e+175        7176.08        7176.08           -inf         2809.5
74500        -693.97   1.68939e+175        7200.85        7200.85           -inf         2814.5
74750        -694.02   1.68374e+175        7225.62        7225.62           -inf           2823
75000       -694.068   1.67813e+175        7250.34        7250.34           -inf         2831.5
75250       -694.109   1.67255e+175        7274.95        7274.95           -inf           2839
75500        -694.14   1.66701e+175        7299.37        7299.37           -inf           2849
75750       -694.162   1.66151e+175        7323.64        7323.64           -inf         2857.5
76000       -694.191   1.65605e+175        7348.03        7348.03           -inf         2867.5
76250        -694.23   1.65062e+175        7372.62        7372.62           -inf           2879
76500       -694.266   1.64522e+175        7397.13        7397.13           -inf           2885
76750       -694.305   1.63986e+175        7421.72        7421.72           -inf           2892
77000       -694.352   1.63454e+175        7446.46        7446.46           -inf         2901.5
77250       -694.411   1.62925e+175        7471.42        7471.42           -inf         2907.5
77500       -694.475   1.62399e+175        7496.48        7496.48           -inf         2913.5
77750       -694.535   1.61877e+175        7521.47        7521.47           -inf           2924
78000       -694.585   1.61358e+175        7546.27        7546.27           -inf           2929
78250       -694.634   1.60843e+175        7571.02        7571.02           -inf         2939.5
78500       -694.671   1.60331e+175         7595.5         7595.5           -inf           2945
78750        -694.69   1.59822e+175        7619.58        7619.58           -inf           2955
79000       -694.717   1.59316e+175         7643.9         7643.9           -inf           2966
79250       -694.762   1.58813e+175        7668.62        7668.62           -inf           2972
79500       -694.804   1.58314e+175        7693.26        7693.26           -inf         2977.5
79750       -694.834   1.57818e+175        7717.64        7717.64           -inf         2982.5
80000       -694.857   1.57324e+175        7741.86        7741.86           -inf           2992
80250       -694.882   1.56834e+175        7766.13        7766.13           -inf           3002
80500       -694.903   1.56347e+175        7790.31        7790.31           -inf           3009
80750       -694.934   1.55863e+175        7814.74        7814.74           -inf         3016.5
81000       -694.972   1.55382e+175        7839.32        7839.32           -inf           3023
81250       -695.011   1.54904e+175        7863.94        7863.94           -inf           3035
81500       -695.054   1.54429e+175        7888.65        7888.65           -inf           3043
81750       -695.103   1.53957e+175        7913.47        7913.47           -inf         3051.5
82000       -695.147   1.53487e+175        7938.21        7938.21           -inf           3057
82250       -695.175   1.53021e+175        7962.62        7962.62           -inf         3061.5
82500       -695.214   1.52557e+175        7987.25        7987.25           -inf           3072
82750        -695.26   1.52096e+175        8012.02        8012.02           -inf         3080.5
83000       -695.315   1.51638e+175        8036.99        8036.99           -inf         3086.5
83250       -695.368   1.51183e+175        8061.92        8061.92           -inf           3089
83500       -695.421    1.5073e+175        8086.84        8086.84           -inf           3096
83750       -695.473    1.5028e+175        8111.77        8111.77           -inf         3103.5
84000       -695.525   1.49833e+175        8136.68        8136.68           -inf         3110.5
84250       -695.569   1.49388e+175        8161.43        8161.43           -inf           3117
84500       -695.608   1.48946e+175        8186.08        8186.08           -inf         3122.5
84750       -695.636   1.48507e+175        8210.51        8210.51           -inf           3131
85000       -695.673    1.4807e+175        8235.14        8235.14           -inf           3139
85250       -695.713   1.47636e+175         8259.8         8259.8           -inf           3144
85500       -695.765   1.47204e+175        8284.75        8284.75           -inf           3150
85750       -695.821   1.46775e+175        8309.78        8309.78           -inf         3152.5
86000       -695.877   1.46348e+175         8334.8         8334.8           -inf           3154
86250       -695.934   1.45924e+175        8359.86        8359.86           -inf         3158.5
86500       -695.995   1.45502e+175        8385.01        8385.01           -inf         3162.5
86750       -696.057   1.45083e+175        8410.18        8410.18           -inf         3166.5
87000       -696.121   1.44666e+175        8435.41        8435.41           -inf         3172.5
87250       -696.185   1.44252e+175        8460.62        8460.62           -inf         3176.5
87500        -696.25   1.43839e+175        8485.88        8485.88           -inf           3180
87750       -696.306    1.4343e+175        8510.95        8510.95           -inf           3186
88000       -696.351   1.43022e+175        8535.73        8535.73           -inf           3190
88250       -696.409   1.42617e+175        8560.84        8560.84           -inf         3193.5
88500        -696.47   1.42214e+175        8586.04        8586.04           -inf           3199
88750       -696.539   1.41814e+175        8611.41        8611.41           -inf         3202.5
89000       -696.607   1.41415e+175        8636.75        8636.75           -inf           3207
89250       -696.669   1.41019e+175        8661.98        8661.98           -inf         3213.5
89500        -696.72   1.40625e+175        8686.97        8686.97           -inf         3217.5
89750       -696.771   1.40233e+175        8711.96        8711.96           -inf         3222.5
90000       -696.825   1.39844e+175        8737.02        8737.02           -inf           3228
90250       -696.881   1.39457e+175        8762.13        8762.13           -inf         3232.5
90500       -696.941   1.39071e+175        8787.33        8787.33           -inf         3237.5
90750       -696.995   1.38688e+175         8812.4         8812.4           -inf           3244
91000       -697.045   1.38307e+175        8837.35        8837.35           -inf         3247.5
91250       -697.105   1.37928e+175        8862.55        8862.55           -inf         3251.5
91500       -697.164   1.37551e+175        8887.77        8887.77           -inf           3255
91750       -697.218   1.37177e+175        8912.81        8912.81           -inf           3258
92000       -697.266   1.36804e+175         8937.7         8937.7           -inf         3263.5
92250       -697.315   1.36433e+175        8962.67        8962.67           -inf         3268.5
92500       -697.374   1.36064e+175        8987.89        8987.89           -inf         3271.5
92750       -697.438   1.35698e+175        9013.22        9013.22           -inf         3273.5
93000       -697.496   1.35333e+175        9038.43        9038.43           -inf           3276
93250       -697.549    1.3497e+175        9063.52        9063.52           -inf         3278.5
93500       -697.601   1.34609e+175        9088.59        9088.59           -inf           3284
93750       -697.652    1.3425e+175        9113.63        9113.63           -inf         3288.5
94000       -697.697   1.33893e+175        9138.56        9138.56           -inf           3294
94250       -697.739   1.33538e+175        9163.41        9163.41           -inf           3301
94500       -697.782   1.33185e+175        9188.28        9188.28           -inf           3308
94750       -697.819   1.32833e+175        9212.97        9212.97           -inf         3312.5
95000       -697.847   1.32484e+175        9237.44        9237.44           -inf           3320
95250       -697.891   1.32136e+175         9262.3         9262.3           -inf         3327.5
95500       -697.936    1.3179e+175        9287.25        9287.25           -inf           3334
95750       -697.976   1.31446e+175        9312.07        9312.07           -inf         3340.5
96000       -698.008   1.31104e+175        9336.69        9336.69           -inf         3347.5
96250       -698.055   1.30763e+175        9361.68        9361.68           -inf           3354
96500       -698.103   1.30424e+175         9386.7         9386.7           -inf         3357.5
96750       -698.151   1.30087e+175        9411.72        9411.72           -inf           3361
97000       -698.204   1.29752e+175        9436.86        9436.86           -inf         3363.5
97250       -698.263   1.29419e+175        9462.13        9462.13           -inf         3366.5
97500       -698.323   1.29087e+175        9487.47        9487.47           -inf         3367.5
97750       -698.381   1.28757e+175        9512.72        9512.72           -inf         3370.5
98000        -698.44   1.28428e+175        9538.03        9538.03           -inf         3371.5
98250       -698.496   1.28101e+175        9563.24        9563.24           -inf           3375
98500        -698.55   1.27776e+175        9588.43        9588.43           -inf         3379.5
98750       -698.606   1.27453e+175        9613.68        9613.68           -inf         3383.5
99000        -698.65   1.27131e+175        9638.58        9638.58           -inf         3387.5
99250       -698.702   1.26811e+175        9663.72        9663.72           -inf         3391.5
99500       -698.753   1.26492e+175        9688.85        9688.85           -inf         3394.5
99750         -698.8   1.26175e+175        9713.91        9713.91           -inf         3398.5
100000       -698.848    1.2586e+175        9738.96        9738.96           -inf         3401.5
100250       -698.889   1.25546e+175        9763.87        9763.87           -inf           3408
100500       -698.929   1.25233e+175        9788.74        9788.74           -inf         3411.5
100750       -698.968   1.24923e+175        9813.58        9813.58           -inf           3415
101000       -699.008   1.24613e+175        9838.47        9838.47           -inf         3420.5
101250       -699.062   1.24306e+175        9863.69        9863.69           -inf         3423.5
101500       -699.116      1.24e+175        9888.93        9888.93           -inf           3428
101750       -699.168   1.23695e+175        9914.13        9914.13           -inf           3430
102000       -699.221   1.23392e+175        9939.36        9939.36           -inf           3432
102250       -699.275    1.2309e+175         9964.6         9964.6           -inf         3435.5
102500       -699.328    1.2279e+175        9989.83        9989.83           -inf           3438
102750       -699.377   1.22491e+175          10015          10015           -inf         3440.5
103000       -699.426   1.22194e+175        10040.1        10040.1           -inf           3444
103250       -699.476   1.21898e+175        10065.3        10065.3           -inf         3445.5
103500       -699.522   1.21603e+175        10090.3        10090.3           -inf         3450.5
103750       -699.562    1.2131e+175        10115.2        10115.2           -inf         3453.5
104000       -699.602   1.21019e+175        10140.2        10140.2           -inf         3457.5
104250       -699.637   1.20729e+175        10164.9        10164.9           -inf           3464
104500       -699.671    1.2044e+175        10189.7        10189.7           -inf         3471.5
104750       -699.704   1.20152e+175        10214.4        10214.4           -inf         3476.5
105000       -699.739   1.19866e+175        10239.2        10239.2           -inf         3481.5
105250       -699.771   1.19582e+175        10263.9        10263.9           -inf         3491.5
105500       -699.797   1.19298e+175        10288.4        10288.4           -inf         3496.5
105750        -699.82   1.19016e+175        10312.8        10312.8           -inf         3500.5
106000       -699.845   1.18735e+175        10337.4        10337.4           -inf           3506
106250       -699.871   1.18456e+175        10361.9        10361.9           -inf         3516.5
106500       -699.899   1.18178e+175        10386.6        10386.6           -inf         3521.5
106750       -699.927   1.17901e+175        10411.2        10411.2           -inf         3527.5
107000       -699.952   1.17626e+175        10435.7        10435.7           -inf           3535
107250       -699.987   1.17352e+175        10460.5        10460.5           -inf         3540.5
107500       -700.012   1.17079e+175          10485          10485           -inf         3548.5
107750       -700.042   1.16807e+175        10509.6        10509.6           -inf         3556.5
108000       -700.072   1.16537e+175        10534.3        10534.3           -inf           3560
108250       -700.102   1.16267e+175          10559          10559           -inf           3564
108500       -700.132      1.16e+175        10583.7        10583.7           -inf         3572.5
108750       -700.169   1.15733e+175        10608.5        10608.5           -inf         3575.5
109000       -700.202   1.15467e+175        10633.3        10633.3           -inf           3584
109250       -700.239   1.15203e+175        10658.2        10658.2           -inf           3591
109500       -700.275    1.1494e+175          10683          10683           -inf         3597.5
109750       -700.311   1.14678e+175        10707.8        10707.8           -inf           3604
110000       -700.349   1.14418e+175        10732.7        10732.7           -inf         3609.5
110250       -700.388   1.14158e+175        10757.7        10757.7           -inf         3618.5
110500       -700.429     1.139e+175        10782.7        10782.7           -inf         3623.5
110750       -700.467   1.13643e+175        10807.6        10807.6           -inf           3627
111000       -700.497   1.13387e+175        10832.2        10832.2           -inf         3632.5
111250       -700.524   1.13132e+175        10856.9        10856.9           -inf           3637
111500       -700.547   1.12879e+175        10881.4        10881.4           -inf         3645.5
111750       -700.571   1.12626e+175        10905.9        10905.9           -inf         3655.5
112000       -700.599   1.12375e+175        10930.5        10930.5           -inf           3660
112250       -700.623   1.12124e+175        10955.1        10955.1           -inf           3668
112500       -700.646   1.11875e+175        10979.5        10979.5           -inf         3674.5
112750        -700.67   1.11627e+175        11004.1        11004.1           -inf           3680
113000       -700.705    1.1138e+175        11028.9        11028.9           -inf         3687.5
113250       -700.733   1.11134e+175        11053.6        11053.6           -inf         3691.5
113500       -700.758   1.10889e+175        11078.1        11078.1           -inf         3699.5
113750       -700.781   1.10646e+175        11102.6        11102.6           -inf         3708.5
114000       -700.801   1.10403e+175          11127          11127           -inf           3713
114250       -700.816   1.10162e+175        11151.3        11151.3           -inf         3722.5
114500        -700.84   1.09921e+175        11175.8        11175.8           -inf           3728
114750       -700.866   1.09682e+175        11200.4        11200.4           -inf           3735
115000       -700.889   1.09443e+175        11224.9        11224.9           -inf         3745.5
115250       -700.909   1.09206e+175        11249.4        11249.4           -inf         3754.5
115500       -700.934   1.08969e+175        11273.9        11273.9           -inf           3760
115750        -700.96   1.08734e+175        11298.4        11298.4           -inf         3762.5
116000       -700.982     1.085e+175        11322.9        11322.9           -inf         3770.5
116250       -701.013   1.08266e+175        11347.6        11347.6           -inf         3776.5
116500       -701.034   1.08034e+175          11372          11372           -inf           3782
116750        -701.06   1.07803e+175        11396.6        11396.6           -inf         3790.5
117000       -701.082   1.07572e+175        11421.1        11421.1           -inf         3800.5
117250       -701.093   1.07343e+175        11445.2        11445.2           -inf         3806.5
117500       -701.108   1.07115e+175        11469.4        11469.4           -inf         3815.5
117750       -701.132   1.06887e+175          11494          11494           -inf           3823
118000       -701.152   1.06661e+175        11518.4        11518.4           -inf           3829
118250       -701.169   1.06435e+175        11542.7        11542.7           -inf         3831.5
118500       -701.187   1.06211e+175        11567.1        11567.1           -inf           3837
118750       -701.207   1.05987e+175        11591.5        11591.5           -inf           3848
119000       -701.226   1.05764e+175        11615.9        11615.9           -inf           3856
119250       -701.235   1.05543e+175          11640          11640           -inf         3864.5
119500       -701.244   1.05322e+175        11664.1        11664.1           -inf           3872
119750       -701.263   1.05102e+175        11688.4        11688.4           -inf         3878.5
120000       -701.278   1.04883e+175        11712.7        11712.7           -inf         3888.5
120250       -701.288   1.04665e+175        11736.9        11736.9           -inf         3894.5
120500       -701.302   1.04448e+175        11761.1        11761.1           -inf         3903.5
120750       -701.331   1.04232e+175        11785.8        11785.8           -inf         3907.5
121000       -701.361   1.04016e+175        11810.5        11810.5           -inf         3912.5
121250       -701.394   1.03802e+175        11835.3        11835.3           -inf         3917.5
121500       -701.424   1.03588e+175          11860          11860           -inf           3922
121750       -701.451   1.03375e+175        11884.7        11884.7           -inf           3930
122000       -701.474   1.03164e+175        11909.2        11909.2           -inf         3934.5
122250       -701.503   1.02953e+175        11933.8        11933.8           -inf           3938
122500       -701.532   1.02742e+175        11958.5        11958.5           -inf         3941.5
122750       -701.563   1.02533e+175        11983.3        11983.3           -inf           3946
123000       -701.595   1.02325e+175        12008.1        12008.1           -inf         3950.5
123250       -701.624   1.02117e+175        12032.8        12032.8           -inf         3958.5
123500       -701.641   1.01911e+175          12057          12057           -inf         3970.5
123750       -701.652   1.01705e+175          12081          12081           -inf         3974.5
124000       -701.676     1.015e+175        12105.6        12105.6           -inf         3981.5
124250       -701.709   1.01295e+175        12130.4        12130.4           -inf         3988.5
124500       -701.742   1.01092e+175        12155.2        12155.2           -inf         3992.5
124750       -701.771   1.00889e+175        12179.9        12179.9           -inf           3999
125000       -701.801   1.00688e+175        12204.6        12204.6           -inf           4005
125250       -701.832   1.00487e+175        12229.4        12229.4           -inf           4010
125500       -701.858   1.00287e+175          12254          12254           -inf         4016.5
125750        -701.88   1.00087e+175        12278.5        12278.5           -inf         4023.5
126000       -701.903   9.98885e+174          12303          12303           -inf           4028
126250        -701.93   9.96907e+174        12327.6        12327.6           -inf           4033
126500        -701.96   9.94937e+174        12352.4        12352.4           -inf         4035.5
126750       -701.989   9.92975e+174        12377.1        12377.1           -inf         4039.5
127000       -702.017    9.9102e+174        12401.8        12401.8           -inf         4045.5
127250       -702.033   9.89073e+174          12426          12426           -inf           4052
127500       -702.054   9.87134e+174        12450.4        12450.4           -inf         4057.5
127750       -702.084   9.85202e+174        12475.2        12475.2           -inf         4059.5
128000       -702.115   9.83278e+174        12499.9        12499.9           -inf           4066
128250       -702.145   9.81361e+174        12524.7        12524.7           -inf         4070.5
128500       -702.174   9.79452e+174        12549.4        12549.4           -inf         4075.5
128750         -702.2    9.7755e+174          12574          12574           -inf         4082.5
129000       -702.229   9.75656e+174        12598.7        12598.7           -inf           4088
129250       -702.257   9.73768e+174        12623.4        12623.4           -inf           4092
129500       -702.282   9.71889e+174          12648          12648           -inf         4094.5
129750       -702.296   9.70016e+174        12672.1        12672.1           -inf           4099
130000        -702.31    9.6815e+174        12696.3        12696.3           -inf         4106.5
130250       -702.331   9.66292e+174        12720.8        12720.8           -inf           4113
130500       -702.355   9.64441e+174        12745.4        12745.4           -inf         4120.5
130750       -702.379   9.62597e+174        12769.9        12769.9           -inf         4127.5
131000       -702.403    9.6076e+174        12794.5        12794.5           -inf         4134.5
131250       -702.421    9.5893e+174        12818.8        12818.8           -inf           4140
131500        -702.44   9.57107e+174        12843.2        12843.2           -inf         4145.5
131750       -702.453   9.55291e+174        12867.4        12867.4           -inf           4151
132000        -702.48   9.53482e+174          12892          12892           -inf           4155
132250       -702.511   9.51679e+174        12916.8        12916.8           -inf         4160.5
132500       -702.541   9.49883e+174        12941.5        12941.5           -inf           4165
132750       -702.569   9.48095e+174        12966.2        12966.2           -inf           4169
133000       -702.597   9.46312e+174        12990.9        12990.9           -inf           4176
133250       -702.617   9.44537e+174        13015.3        13015.3           -inf           4182
133500       -702.637   9.42768e+174        13039.6        13039.6           -inf           4188
133750       -702.657   9.41006e+174        13064.1        13064.1           -inf           4192
134000       -702.683    9.3925e+174        13088.7        13088.7           -inf           4198
134250       -702.709   9.37501e+174        13113.3        13113.3           -inf         4203.5
134500       -702.739   9.35759e+174        13138.1        13138.1           -inf         4209.5
134750       -702.774   9.34023e+174          13163          13163           -inf         4211.5
135000       -702.815   9.32293e+174        13188.2        13188.2           -inf         4211.5
135250       -702.853    9.3057e+174        13213.2        13213.2           -inf           4213
135500        -702.89   9.28853e+174        13238.2        13238.2           -inf         4214.5
135750       -702.927   9.27142e+174        13263.2        13263.2           -inf           4215
136000       -702.963   9.25438e+174        13288.2        13288.2           -inf           4216
136250           -703    9.2374e+174        13313.2        13313.2           -inf         4216.5
136500       -703.041   9.22048e+174        13338.3        13338.3           -inf         4216.5
136750       -703.078   9.20362e+174        13363.4        13363.4           -inf         4217.5
137000       -703.113   9.18683e+174        13388.3        13388.3           -inf         4219.5
137250       -703.142    9.1701e+174          13413          13413           -inf         4225.5
137500       -703.161   9.15342e+174        13437.4        13437.4           -inf           4229
137750       -703.187   9.13681e+174        13462.1        13462.1           -inf         4233.5
138000       -703.215   9.12026e+174        13486.8        13486.8           -inf           4237
138250       -703.245   9.10377e+174        13511.6        13511.6           -inf         4241.5
138500       -703.273   9.08733e+174        13536.3        13536.3           -inf           4246
138750       -703.302   9.07096e+174          13561          13561           -inf         4249.5
139000       -703.331   9.05464e+174        13585.8        13585.8           -inf         4252.5
139250       -703.359   9.03839e+174        13610.5        13610.5           -inf         4256.5
139500       -703.383   9.02219e+174        13635.1        13635.1           -inf           4263
139750        -703.41   9.00605e+174        13659.8        13659.8           -inf         4267.5
140000       -703.427   8.98997e+174        13684.1        13684.1           -inf         4273.5
140250       -703.441   8.97394e+174        13708.3        13708.3           -inf         4278.5
140500       -703.452   8.95798e+174        13732.3        13732.3           -inf         4282.5
140750       -703.468   8.94206e+174        13756.6        13756.6           -inf           4289
141000       -703.492   8.92621e+174        13781.2        13781.2           -inf         4293.5
141250       -703.519   8.91041e+174        13805.8        13805.8           -inf           4298
141500       -703.546   8.89467e+174        13830.5        13830.5           -inf           4300
141750       -703.573   8.87898e+174        13855.2        13855.2           -inf           4302
142000       -703.598   8.86335e+174        13879.8        13879.8           -inf         4307.5
142250       -703.617   8.84777e+174        13904.2        13904.2           -inf         4311.5
142500       -703.628   8.83225e+174        13928.3        13928.3           -inf         4316.5
142750       -703.637   8.81678e+174        13952.3        13952.3           -inf         4324.5
143000       -703.645   8.80137e+174        13976.2        13976.2           -inf         4337.5
143250        -703.66   8.78601e+174        14000.5        14000.5           -inf         4345.5
143500       -703.675    8.7707e+174        14024.7        14024.7           -inf           4354
143750       -703.691   8.75545e+174          14049          14049           -inf           4363
144000       -703.704   8.74025e+174        14073.2        14073.2           -inf         4370.5
144250       -703.717    8.7251e+174        14097.4        14097.4           -inf           4375
144500       -703.722      8.71e+174        14121.3        14121.3           -inf         4383.5
144750       -703.734   8.69496e+174        14145.4        14145.4           -inf           4394
145000       -703.751   8.67997e+174        14169.8        14169.8           -inf         4402.5
145250       -703.769   8.66503e+174        14194.1        14194.1           -inf         4411.5
145500       -703.789   8.65014e+174        14218.6        14218.6           -inf           4415
145750       -703.817    8.6353e+174        14243.3        14243.3           -inf           4421
146000       -703.846   8.62052e+174          14268          14268           -inf           4423
146250       -703.874   8.60578e+174        14292.8        14292.8           -inf           4426
146500       -703.899    8.5911e+174        14317.4        14317.4           -inf         4430.5
146750       -703.924   8.57646e+174          14342          14342           -inf           4434
147000       -703.947   8.56187e+174        14366.6        14366.6           -inf         4437.5
147250        -703.97   8.54734e+174        14391.1        14391.1           -inf         4440.5
147500        -703.99   8.53285e+174        14415.5        14415.5           -inf         4445.5
147750       -704.011   8.51841e+174          14440          14440           -inf         4452.5
148000       -704.029   8.50402e+174        14464.4        14464.4           -inf         4459.5
148250       -704.042   8.48968e+174        14488.5        14488.5           -inf           4465
148500       -704.054   8.47539e+174        14512.7        14512.7           -inf           4471
148750       -704.072   8.46115e+174          14537          14537           -inf           4475
149000       -704.092   8.44695e+174        14561.5        14561.5           -inf         4479.5
149250       -704.114    8.4328e+174          14586          14586           -inf           4482
149500       -704.135    8.4187e+174        14610.5        14610.5           -inf           4489
149750       -704.156   8.40465e+174        14634.9        14634.9           -inf           4494
150000       -704.179   8.39064e+174        14659.5        14659.5           -inf           4500
150250       -704.204   8.37668e+174        14684.1        14684.1           -inf         4501.5
150500       -704.225   8.36276e+174        14708.6        14708.6           -inf         4506.5
150750       -704.249   8.34889e+174        14733.1        14733.1           -inf           4510
151000        -704.27   8.33507e+174        14757.6        14757.6           -inf           4513
151250       -704.286   8.32129e+174        14781.9        14781.9           -inf         4519.5
151500        -704.31   8.30756e+174        14806.4        14806.4           -inf           4524
151750       -704.337   8.29388e+174        14831.1        14831.1           -inf         4527.5
152000       -704.352   8.28023e+174        14855.3        14855.3           -inf           4532
152250       -704.369   8.26664e+174        14879.6        14879.6           -inf           4539
152500       -704.385   8.25309e+174        14903.8        14903.8           -inf           4543
152750       -704.398   8.23958e+174        14927.9        14927.9           -inf         4546.5
153000       -704.413   8.22612e+174        14952.1        14952.1           -inf           4553
153250       -704.433    8.2127e+174        14976.6        14976.6           -inf           4558
153500       -704.451   8.19932e+174        15000.9        15000.9           -inf           4564
153750       -704.464   8.18599e+174        15025.1        15025.1           -inf           4567
154000       -704.473    8.1727e+174        15049.1        15049.1           -inf         4574.5
154250       -704.484   8.15945e+174        15073.2        15073.2           -inf         4583.5
154500       -704.495   8.14625e+174        15097.3        15097.3           -inf           4591
154750       -704.511   8.13309e+174        15121.5        15121.5           -inf           4597
155000       -704.532   8.11997e+174          15146          15146           -inf         4601.5
155250       -704.555    8.1069e+174        15170.6        15170.6           -inf           4604
155500       -704.578   8.09386e+174        15195.1        15195.1           -inf         4607.5
155750       -704.598   8.08087e+174        15219.5        15219.5           -inf           4611
156000       -704.617   8.06792e+174        15243.9        15243.9           -inf           4616
156250       -704.637   8.05501e+174        15268.3        15268.3           -inf           4622
156500       -704.662   8.04214e+174          15293          15293           -inf           4626
156750       -704.681   8.02932e+174        15317.3        15317.3           -inf           4629
157000       -704.694   8.01653e+174        15341.5        15341.5           -inf         4632.5
157250       -704.713   8.00379e+174        15365.9        15365.9           -inf         4636.5
157500       -704.736   7.99108e+174        15390.4        15390.4           -inf           4640
157750       -704.758   7.97842e+174        15414.9        15414.9           -inf         4643.5
158000        -704.78    7.9658e+174        15439.5        15439.5           -inf           4646
158250       -704.803   7.95321e+174          15464          15464           -inf           4650
158500       -704.827   7.94067e+174        15488.6        15488.6           -inf         4651.5
158750       -704.852   7.92816e+174        15513.2        15513.2           -inf         4653.5
159000       -704.875    7.9157e+174        15537.8        15537.8           -inf           4657
159250       -704.897   7.90327e+174        15562.3        15562.3           -inf           4661
159500       -704.917   7.89088e+174        15586.7        15586.7           -inf         4666.5
159750       -704.936   7.87853e+174        15611.1        15611.1           -inf           4669
160000       -704.954   7.86622e+174        15635.4        15635.4           -inf           4673
160250       -704.967   7.85395e+174        15659.6        15659.6           -inf           4677
160500       -704.982   7.84172e+174        15683.8        15683.8           -inf         4682.5
160750       -705.003   7.82952e+174        15708.3        15708.3           -inf           4685
161000       -705.018   7.81736e+174        15732.4        15732.4           -inf           4691
161250        -705.03   7.80524e+174        15756.5        15756.5           -inf         4693.5
161500       -705.041   7.79316e+174        15780.5        15780.5           -inf         4697.5
161750       -705.052   7.78112e+174        15804.5        15804.5           -inf         4706.5
162000       -705.067   7.76911e+174        15828.7        15828.7           -inf           4715
162250        -705.08   7.75714e+174        15852.8        15852.8           -inf           4722
162500       -705.096    7.7452e+174        15877.1        15877.1           -inf         4729.5
162750       -705.111   7.73331e+174        15901.2        15901.2           -inf           4737
163000       -705.125   7.72145e+174        15925.4        15925.4           -inf         4745.5
163250       -705.138   7.70962e+174        15949.6        15949.6           -inf           4750
163500       -705.147   7.69783e+174        15973.6        15973.6           -inf         4758.5
163750        -705.15   7.68608e+174        15997.3        15997.3           -inf         4768.5
164000       -705.157   7.67436e+174        16021.2        16021.2           -inf         4776.5
164250       -705.162   7.66268e+174          16045          16045           -inf           4784
164500       -705.164   7.65104e+174        16068.6        16068.6           -inf         4792.5
164750       -705.175   7.63943e+174        16092.6        16092.6           -inf         4801.5
165000       -705.188   7.62785e+174        16116.7        16116.7           -inf           4805
165250       -705.198   7.61631e+174        16140.8        16140.8           -inf           4811
165500       -705.204   7.60481e+174        16164.6        16164.6           -inf         4819.5
165750       -705.212   7.59334e+174        16188.5        16188.5           -inf           4827
166000       -705.224    7.5819e+174        16212.6        16212.6           -inf         4830.5
166250       -705.239    7.5705e+174        16236.8        16236.8           -inf           4835
166500       -705.251   7.55913e+174        16260.9        16260.9           -inf         4842.5
166750       -705.264    7.5478e+174          16285          16285           -inf           4848
167000       -705.282    7.5365e+174        16309.3        16309.3           -inf         4853.5
167250       -705.303   7.52524e+174        16333.8        16333.8           -inf         4856.5
167500       -705.318     7.514e+174          16358          16358           -inf         4861.5
167750       -705.335   7.50281e+174        16382.2        16382.2           -inf         4867.5
168000       -705.345   7.49164e+174        16406.1        16406.1           -inf           4874
168250       -705.366   7.48051e+174        16430.6        16430.6           -inf           4877
168500       -705.385   7.46941e+174          16455          16455           -inf           4879
168750       -705.406   7.45834e+174        16479.4        16479.4           -inf           4882
169000       -705.429   7.44731e+174        16503.9        16503.9           -inf           4884
169250       -705.451   7.43631e+174        16528.4        16528.4           -inf         4886.5
169500       -705.471   7.42534e+174        16552.8        16552.8           -inf         4891.5
169750       -705.491   7.41441e+174        16577.2        16577.2           -inf           4895
170000        -705.51    7.4035e+174        16601.6        16601.6           -inf           4899
170250       -705.527   7.39263e+174        16625.9        16625.9           -inf           4902
170500       -705.544   7.38179e+174        16650.2        16650.2           -inf         4906.5
170750       -705.555   7.37098e+174        16674.2        16674.2           -inf         4913.5
171000       -705.569   7.36021e+174        16698.3        16698.3           -inf         4922.5
171250       -705.585   7.34946e+174        16722.6        16722.6           -inf           4927
171500       -705.602   7.33875e+174        16746.8        16746.8           -inf           4931
171750       -705.616   7.32807e+174          16771          16771           -inf         4935.5
172000       -705.627   7.31742e+174          16795          16795           -inf           4941
172250       -705.638    7.3068e+174        16819.1        16819.1           -inf           4947
172500       -705.644   7.29621e+174        16842.9        16842.9           -inf         4954.5
172750       -705.644   7.28565e+174        16866.4        16866.4           -inf           4963
173000       -705.644   7.27512e+174          16890          16890           -inf         4971.5
173250       -705.649   7.26462e+174        16913.7        16913.7           -inf         4980.5
173500       -705.652   7.25415e+174        16937.4        16937.4           -inf         4989.5
173750       -705.656   7.24372e+174        16961.1        16961.1           -inf           5001
174000       -705.661   7.23331e+174        16984.9        16984.9           -inf           5008
174250       -705.666   7.22293e+174        17008.7        17008.7           -inf         5014.5
174500       -705.671   7.21258e+174        17032.4        17032.4           -inf           5020
174750       -705.675   7.20226e+174        17056.1        17056.1           -inf           5027
175000       -705.683   7.19197e+174          17080          17080           -inf         5036.5
175250       -705.687   7.18172e+174        17103.7        17103.7           -inf         5039.5
175500       -705.691   7.17148e+174        17127.4        17127.4           -inf           5050
175750       -705.693   7.16128e+174          17151          17151           -inf         5059.5
176000        -705.69   7.15111e+174        17174.4        17174.4           -inf           5068
176250       -705.687   7.14097e+174        17197.8        17197.8           -inf           5075
176500       -705.683   7.13085e+174        17221.1        17221.1           -inf           5083
176750       -705.684   7.12077e+174        17244.7        17244.7           -inf         5091.5
177000       -705.691   7.11071e+174        17268.5        17268.5           -inf           5098
177250       -705.699   7.10068e+174        17292.4        17292.4           -inf           5107
177500       -705.707   7.09068e+174        17316.2        17316.2           -inf         5112.5
177750       -705.709   7.08071e+174        17339.8        17339.8           -inf           5124
178000        -705.71   7.07076e+174        17363.3        17363.3           -inf           5137
178250       -705.713   7.06084e+174        17386.9        17386.9           -inf         5145.5
178500       -705.717   7.05096e+174        17410.6        17410.6           -inf           5155
178750       -705.723   7.04109e+174        17434.4        17434.4           -inf           5162
179000        -705.73   7.03126e+174        17458.2        17458.2           -inf           5165
179250       -705.738   7.02145e+174          17482          17482           -inf           5172
179500       -705.745   7.01167e+174        17505.8        17505.8           -inf         5177.5
179750       -705.751   7.00192e+174        17529.6        17529.6           -inf           5184
180000       -705.756    6.9922e+174        17553.3        17553.3           -inf           5190
180250       -705.767    6.9825e+174        17577.3        17577.3           -inf           5199
180500       -705.779   6.97283e+174        17601.3        17601.3           -inf         5204.5
180750       -705.785   6.96318e+174          17625          17625           -inf         5209.5
181000       -705.797   6.95357e+174        17648.9        17648.9           -inf         5216.5
181250       -705.808   6.94398e+174        17672.9        17672.9           -inf           5224
181500       -705.821   6.93441e+174          17697          17697           -inf         5230.5
181750       -705.836   6.92487e+174        17721.1        17721.1           -inf           5237
182000       -705.852   6.91536e+174        17745.3        17745.3           -inf           5241
182250       -705.865   6.90587e+174        17769.3        17769.3           -inf           5250
182500       -705.877   6.89641e+174        17793.3        17793.3           -inf           5254
182750       -705.886   6.88698e+174        17817.2        17817.2           -inf           5262
183000       -705.893   6.87757e+174          17841          17841           -inf         5269.5
183250       -705.901   6.86819e+174        17864.8        17864.8           -inf           5277
183500       -705.915   6.85883e+174        17888.9        17888.9           -inf           5281
183750       -705.927    6.8495e+174        17912.9        17912.9           -inf           5286
184000       -705.937   6.84019e+174        17936.8        17936.8           -inf           5298
184250       -705.947   6.83091e+174        17960.7        17960.7           -inf           5306
184500        -705.96   6.82166e+174        17984.7        17984.7           -inf           5310
184750       -705.974   6.81243e+174        18008.8        18008.8           -inf         5315.5
185000       -705.988   6.80322e+174        18032.9        18032.9           -inf         5322.5
185250       -705.989   6.79404e+174        18056.3        18056.3           -inf           5327
185500       -705.988   6.78488e+174        18079.6        18079.6           -inf           5335
185750       -705.987   6.77575e+174        18102.9        18102.9           -inf           5345
186000        -705.99   6.76664e+174        18126.5        18126.5           -inf           5352
186250       -706.002   6.75756e+174        18150.4        18150.4           -inf           5360
186500       -706.015    6.7485e+174        18174.5        18174.5           -inf           5363
186750       -706.028   6.73947e+174        18198.5        18198.5           -inf         5370.5
187000       -706.043   6.73046e+174        18222.6        18222.6           -inf           5375
187250       -706.057   6.72147e+174        18246.7        18246.7           -inf           5382
187500       -706.073   6.71251e+174        18270.8        18270.8           -inf         5389.5
187750       -706.087   6.70357e+174        18294.9        18294.9           -inf           5397
188000       -706.095   6.69466e+174        18318.7        18318.7           -inf           5402
188250       -706.101   6.68577e+174        18342.4        18342.4           -inf           5406
188500       -706.104    6.6769e+174          18366          18366           -inf         5413.5
188750       -706.106   6.66806e+174        18389.5        18389.5           -inf           5423
189000       -706.114   6.65924e+174        18413.3        18413.3           -inf           5429
189250       -706.126   6.65044e+174        18437.2        18437.2           -inf           5433
189500        -706.14   6.64167e+174        18461.3        18461.3           -inf           5439
189750       -706.151   6.63291e+174        18485.2        18485.2           -inf           5446
190000       -706.161   6.62419e+174        18509.1        18509.1           -inf           5451
190250       -706.175   6.61548e+174        18533.1        18533.1           -inf         5454.5
190500       -706.188    6.6068e+174        18557.1        18557.1           -inf           5458
190750       -706.199   6.59814e+174          18581          18581           -inf           5461
191000       -706.203   6.58951e+174        18604.6        18604.6           -inf           5465
191250        -706.21   6.58089e+174        18628.3        18628.3           -inf           5470
191500        -706.22    6.5723e+174        18652.1        18652.1           -inf           5479
191750       -706.228   6.56373e+174        18675.9        18675.9           -inf           5487
192000       -706.237   6.55519e+174        18699.7        18699.7           -inf         5491.5
192250       -706.244   6.54666e+174        18723.4        18723.4           -inf         5500.5
192500       -706.251   6.53816e+174        18747.1        18747.1           -inf         5505.5
192750       -706.255   6.52968e+174        18770.7        18770.7           -inf           5512
193000       -706.261   6.52122e+174        18794.3        18794.3           -inf         5517.5
193250       -706.273   6.51278e+174        18818.2        18818.2           -inf         5523.5
193500       -706.287   6.50437e+174        18842.2        18842.2           -inf         5526.5
193750       -706.299   6.49598e+174        18866.2        18866.2           -inf           5533
194000       -706.307   6.48761e+174        18889.9        18889.9           -inf         5536.5
194250       -706.313   6.47926e+174        18913.6        18913.6           -inf           5546
194500       -706.316   6.47093e+174        18937.1        18937.1           -inf           5553
194750       -706.321   6.46262e+174        18960.7        18960.7           -inf         5557.5
195000       -706.328   6.45434e+174        18984.4        18984.4           -inf           5562
195250       -706.337   6.44607e+174        19008.2        19008.2           -inf           5568
195500       -706.347   6.43783e+174        19032.1        19032.1           -inf         5574.5
195750       -706.356   6.42961e+174        19055.9        19055.9           -inf           5579
196000       -706.367   6.42141e+174        19079.7        19079.7           -inf           5581
196250       -706.377   6.41323e+174        19103.6        19103.6           -inf           5585
196500       -706.385   6.40507e+174        19127.3        19127.3           -inf         5589.5
196750       -706.392   6.39693e+174          19151          19151           -inf           5595
197000       -706.395   6.38881e+174        19174.5        19174.5           -inf           5598
197250       -706.397   6.38071e+174          19198          19198           -inf           5607
197500       -706.405   6.37264e+174        19221.7        19221.7           -inf           5610
197750       -706.411   6.36458e+174        19245.3        19245.3           -inf           5614
198000        -706.42   6.35654e+174        19269.1        19269.1           -inf           5621
198250       -706.424   6.34853e+174        19292.6        19292.6           -inf         5626.5
198500       -706.429   6.34053e+174        19316.1        19316.1           -inf           5630
198750       -706.435   6.33256e+174        19339.7        19339.7           -inf         5634.5
199000       -706.441    6.3246e+174        19363.3        19363.3           -inf           5642
199250       -706.447   6.31667e+174        19386.8        19386.8           -inf           5647
199500        -706.45   6.30875e+174        19410.2        19410.2           -inf         5651.5
199750       -706.457   6.30085e+174        19433.9        19433.9           -inf           5656
200000       -706.467   6.29298e+174        19457.7        19457.7           -inf           5660
200250       -706.475   6.28512e+174        19481.4        19481.4           -inf           5665
200500        -706.48   6.27728e+174        19504.9        19504.9           -inf         5670.5
200750       -706.485   6.26947e+174        19528.5        19528.5           -inf         5677.5
201000       -706.483   6.26167e+174        19551.7        19551.7           -inf           5681
201250       -706.486   6.25389e+174        19575.1        19575.1           -inf         5688.5
201500       -706.491   6.24613e+174        19598.7        19598.7           -inf         5696.5
201750       -706.499   6.23839e+174        19622.4        19622.4           -inf           5703
202000       -706.511   6.23067e+174        19646.3        19646.3           -inf           5707
202250       -706.524   6.22297e+174        19670.2        19670.2           -inf           5712
202500       -706.537   6.21529e+174        19694.1        19694.1           -inf         5717.5
202750       -706.547   6.20762e+174        19717.9        19717.9           -inf         5725.5
203000       -706.555   6.19998e+174        19741.6        19741.6           -inf           5731
203250       -706.563   6.19235e+174        19765.4        19765.4           -inf         5737.5
203500       -706.571   6.18475e+174          19789          19789           -inf         5744.5
203750        -706.58   6.17716e+174        19812.7        19812.7           -inf           5748
204000        -706.59   6.16959e+174        19836.6        19836.6           -inf         5754.5
204250         -706.6   6.16203e+174        19860.4        19860.4           -inf         5757.5
204500       -706.608    6.1545e+174          19884          19884           -inf           5764
204750       -706.613   6.14699e+174        19907.6        19907.6           -inf         5768.5
205000       -706.623   6.13949e+174        19931.3        19931.3           -inf           5773
205250       -706.636   6.13201e+174        19955.3        19955.3           -inf           5778
205500       -706.647   6.12455e+174        19979.1        19979.1           -inf         5784.5
205750       -706.658   6.11711e+174        20002.9        20002.9           -inf           5792
206000       -706.668   6.10969e+174        20026.7        20026.7           -inf         5795.5
206250       -706.681   6.10228e+174        20050.6        20050.6           -inf         5800.5
206500       -706.695   6.09489e+174        20074.6        20074.6           -inf           5804
206750       -706.711   6.08752e+174        20098.7        20098.7           -inf         5807.5
207000       -706.726   6.08017e+174        20122.7        20122.7           -inf         5808.5
207250       -706.743   6.07284e+174        20146.8        20146.8           -inf           5813
207500       -706.758   6.06552e+174        20170.8        20170.8           -inf           5816
207750        -706.77   6.05822e+174        20194.7        20194.7           -inf         5820.5
208000       -706.782   6.05094e+174        20218.6        20218.6           -inf         5825.5
208250       -706.797   6.04368e+174        20242.6        20242.6           -inf         5828.5
208500       -706.813   6.03643e+174        20266.7        20266.7           -inf           5832
208750        -706.83    6.0292e+174        20290.8        20290.8           -inf         5833.5
209000       -706.846   6.02199e+174        20314.9        20314.9           -inf           5836
209250       -706.861   6.01479e+174        20338.9        20338.9           -inf           5839
209500       -706.878   6.00762e+174          20363          20363           -inf         5840.5
209750       -706.894   6.00046e+174        20387.1        20387.1           -inf           5843
210000       -706.909   5.99331e+174        20411.1        20411.1           -inf           5849
210250       -706.926   5.98619e+174        20435.2        20435.2           -inf           5853
210500       -706.939   5.97908e+174        20459.1        20459.1           -inf         5859.5
210750        -706.95   5.97198e+174        20482.9        20482.9           -inf         5865.5
211000       -706.964   5.96491e+174        20506.9        20506.9           -inf           5870
211250       -706.982   5.95785e+174        20531.1        20531.1           -inf         5873.5
211500       -706.996   5.95081e+174          20555          20555           -inf         5876.5
211750       -707.011   5.94378e+174          20579          20579           -inf         5879.5
212000       -707.028   5.93677e+174        20603.1        20603.1           -inf           5884
212250       -707.044   5.92978e+174        20627.2        20627.2           -inf         5889.5
212500       -707.054    5.9228e+174          20651          20651           -inf           5895
212750       -707.059   5.91584e+174        20674.3        20674.3           -inf         5903.5
213000       -707.061    5.9089e+174        20697.6        20697.6           -inf         5913.5
213250       -707.066   5.90197e+174        20721.1        20721.1           -inf           5920
213500       -707.069   5.89506e+174        20744.5        20744.5           -inf         5930.5
213750       -707.073   5.88817e+174        20767.9        20767.9           -inf           5940
