2       -691.289         361.18        1202.36        300.591        184.539         170971
2.005       -1402.16        722.804        -980439        -243889        -129954         171884
2.01       -2116.49           1089   -2.98255e+06        -738236        -392869         152546
2.015       -2829.42         1456.7   -5.99924e+06   -1.47756e+06        -789207         144550
2.02       -3564.33        1825.34   -1.01564e+07   -2.48906e+06   -1.31873e+06         137568
2.025       -4274.45         2193.1   -1.52176e+07   -3.71104e+06   -1.97838e+06         146234
2.03       -4985.53        2557.54   -2.12953e+07   -5.16764e+06    -2.7608e+06         159588
2.035       -5695.56        2920.19    -2.8374e+07   -6.85159e+06    -3.6654e+06         166732
2.04       -6416.23        3283.51   -3.65821e+07   -8.79039e+06   -4.69642e+06         164360
2.045       -7134.13        3645.25   -4.57931e+07     -1.095e+07   -5.84633e+06         166522
2.05       -7840.54        4004.65    -5.5871e+07   -1.32947e+07   -7.10996e+06         175556
2.055       -8544.67        4366.47   -6.69112e+07   -1.58444e+07   -8.50269e+06         170138
2.06        -9251.6        4726.85    -7.8991e+07   -1.86142e+07   -1.00096e+07         174151
2.065       -9950.46        5086.59    -9.1921e+07   -2.15563e+07   -1.16322e+07         179408
2.07       -10652.2        5445.83   -1.05884e+08   -2.47109e+07   -1.33694e+07         181298
2.075       -11352.2        5803.71   -1.20796e+08   -2.80555e+07   -1.52155e+07         187574
2.08       -12052.3        6159.55   -1.36692e+08   -3.15947e+07   -1.71645e+07         191990
2.085       -12756.5        6512.98   -1.53664e+08   -3.53477e+07   -1.92113e+07         198792
2.09       -13448.9        6865.74   -1.71327e+08   -3.92223e+07   -2.13636e+07         198748
2.095       -14141.2        7217.87   -1.89947e+08   -4.32778e+07   -2.36204e+07         202736
2.1       -14803.3        7569.05   -2.08673e+08   -4.73181e+07   -2.59779e+07         205061
2.105       -15487.9         7922.2   -2.28939e+08   -5.16673e+07   -2.84557e+07         204163
2.11       -16178.8        8274.14   -2.50341e+08   -5.62298e+07   -3.10308e+07         207880
2.115       -16855.3        8626.25   -2.72227e+08   -6.08569e+07   -3.37122e+07         203894
2.12       -17535.9        8972.11    -2.9517e+08    -6.5675e+07   -3.64467e+07         219494
2.125       -18219.2        9312.01    -3.1913e+08   -7.06723e+07     -3.923e+07         226392
2.13         -18889        9657.78   -3.43536e+08   -7.57205e+07   -4.21609e+07         222908
2.135       -19570.3        10005.8   -3.69272e+08   -8.10123e+07   -4.52108e+07         217622
2.14       -20235.5        10350.7   -3.95304e+08   -8.63184e+07   -4.83298e+07         223996
2.145       -20905.2          10694   -4.22406e+08   -9.18069e+07   -5.15296e+07         233390
2.15       -21588.6        11037.4   -4.50978e+08   -9.75615e+07   -5.48255e+07         235322
2.155       -22255.4        11377.7   -4.79768e+08   -1.03309e+08   -5.81835e+07         238432
2.16       -22920.6          11716   -5.09375e+08   -1.09177e+08   -6.16129e+07         247290
2.165       -23571.2        12048.3   -5.39195e+08   -1.15035e+08   -6.50659e+07         252525
2.17       -23865.5          12378   -5.53044e+08   -1.17447e+08    -6.8576e+07         263402
2.175       -24204.4          12715   -5.69422e+08   -1.20369e+08   -7.22537e+07         251435
2.18       -24516.3        13045.2   -5.84931e+08   -1.23081e+08   -7.59392e+07         262816
2.185       -24823.9        13371.2   -6.00686e+08   -1.25819e+08   -7.96573e+07         266852
2.19       -25090.4        13692.8   -6.14927e+08   -1.28214e+08   -8.34003e+07         271286
2.195       -25151.5        14028.7   -6.17961e+08    -1.2826e+08   -8.73999e+07         257411
2.2       -25120.3        14357.4   -6.16337e+08   -1.27342e+08   -9.13935e+07         265532
2.21       -25193.1          15011   -6.20189e+08   -1.26981e+08   -9.95678e+07         279946
2.215       -25225.1          15322   -6.21545e+08   -1.26685e+08   -1.03556e+08         300560
2.22       -25557.7        15640.8   -6.39244e+08   -1.29706e+08   -1.07722e+08         294094
2.225       -25885.2        15947.7   -6.57203e+08   -1.32751e+08   -1.11794e+08         312359
2.23       -26179.3        16257.9   -6.70848e+08   -1.34901e+08   -1.15979e+08         308183
2.24       -26637.4        16859.8   -6.92862e+08   -1.38086e+08   -1.24276e+08         323896
2.245       -26690.2          17154   -6.95479e+08   -1.37991e+08   -1.28416e+08         337004
2.26       -27728.3        17998.3   -7.52191e+08   -1.47269e+08   -1.40584e+08         361813
2.265       -27778.5        18293.4   -7.54704e+08   -1.47109e+08   -1.44962e+08         348492
2.28       -28677.5        19145.6   -8.03108e+08   -1.54491e+08   -1.57889e+08         367346
2.285       -29266.8        19421.5   -8.36911e+08    -1.6029e+08   -1.62166e+08         382206
2.29       -29689.4        19699.9   -8.61473e+08   -1.64275e+08   -1.66531e+08         378074
2.295       -29928.5        19958.3   -8.75451e+08   -1.66214e+08     -1.706e+08         403633
2.3       -30473.5        20223.9   -9.08078e+08   -1.71659e+08   -1.74837e+08         392660
