final time = 1e-05

0              0
0.01 1.0486947e-255
0.02 1.0347552e-252
0.03 1.0107357e-249
0.04  9.772464e-247
0.05  9.351702e-244
0.06  8.856253e-241
0.07 8.2991539e-238
0.08 7.6947179e-235
0.09 7.0579123e-232
0.1 6.4037291e-229
0.11  5.746589e-226
0.12 5.0998099e-223
0.13 4.4751694e-220
0.14  3.882579e-217
0.15 3.3298823e-214
0.16 2.8227752e-211
0.17 2.3648425e-208
0.18 1.9576944e-205
0.19 1.6011834e-202
0.2 1.2936773e-199
0.21 1.0323647e-196
0.22  8.135694e-194
0.23 6.3305364e-191
0.24 4.8629441e-188
0.25 3.6872064e-185
0.26 2.7590504e-182
0.27 2.0370816e-179
0.28 1.4837623e-176
0.29 1.0659715e-173
0.3 7.5521098e-171
0.31 5.2752865e-168
0.32 3.6323696e-165
0.33  2.464954e-162
0.34 1.6481938e-159
0.35 1.0856541e-156
0.36 7.0430139e-154
0.37 4.4989012e-151
0.38 2.8289742e-148
0.39 1.7507193e-145
0.4 1.0659968e-142
0.41 6.3845488e-140
0.42 3.7602665e-137
0.43 2.1771893e-134
0.44 1.2388925e-131
0.45 6.9262321e-129
0.46 3.8031882e-126
0.47 2.0504169e-123
0.48 1.0850031e-120
0.49 5.6332564e-118
0.5 2.8685798e-115
0.51 1.4321421e-112
0.52 7.0071785e-110
0.53 3.3585907e-107
0.54  1.576301e-104
0.55 7.2409019e-102
0.56    3.25396e-99
0.57   1.429826e-96
0.58  6.1401803e-94
0.59  2.5755562e-91
0.6  1.0546457e-88
0.61  4.2133673e-86
0.62  1.6412234e-83
0.63  6.2292554e-81
0.64  2.3021508e-78
0.65  8.2783411e-76
0.66  2.8942074e-73
0.67  9.8296535e-71
0.68  3.2403605e-68
0.69  1.0358485e-65
0.7  3.2079153e-63
0.71  9.6143843e-61
0.72  2.7855412e-58
0.73  7.7923964e-56
0.74   2.102094e-53
0.75  5.4608148e-51
0.76  1.3640962e-48
0.77  3.2713001e-46
0.78  7.5184849e-44
0.79  1.6529307e-41
0.8  3.4689418e-39
0.81  6.9338414e-37
0.82  1.3167432e-34
0.83  2.3690678e-32
0.84  4.0259194e-30
0.85  6.4396781e-28
0.86  9.6578878e-26
0.87  1.3520536e-23
0.88  1.7578841e-21
0.89  2.1101345e-19
0.9  2.3224673e-17
0.91  2.3245346e-15
0.92  2.0948362e-13
0.93  1.6790555e-11
0.94  1.1785519e-09
0.95  7.0994457e-08
0.96  3.5708973e-06
0.97  0.00014418281
0.98   0.0043961027
0.99      0.0908606
1              1
