2       -7.19972        3.73407        5.80929        1.45232       0.363761         200178
2.01       -9.37298        7.45892       -19.4461       -4.81327       -13.1038         206548
2.02       -16.5375        11.1807       -147.681       -36.1927       -40.1489         208934
2.03        -15.703        14.9031       -114.081       -27.6835       -80.5821         208773
2.04         -18.85        18.6193       -182.892       -43.9474       -134.106         213038
2.05       -17.9929        22.3342       -144.416       -34.3643       -200.555         214641
2.06       -25.1078        26.0396       -394.118       -92.8734       -279.542         221158
2.07       -24.2085        29.7404        -342.53       -79.9389       -370.909         224200
2.08       -23.3006        33.4385       -292.088       -67.5129       -474.486         226956
2.09       -25.3726        37.1298       -388.095       -88.8475       -589.934         232276
2.1       -28.4341        40.8177       -568.816       -128.983       -717.134         234779
2.11       -35.4856        44.5022       -963.088       -216.322       -855.888         237098
2.12       -38.5171        48.1801       -1235.48       -274.894       -1005.85         242155
2.13       -41.5277        51.8511       -1364.25         -300.7       -1166.79         247064
2.14       -44.5144        55.5138       -1541.03         -336.5       -1338.41         253544
2.15       -47.5371        59.1888       -1771.19       -383.166       -1521.56         244443
2.16       -50.5382        62.8566       -2049.46        -439.27       -1715.11         249952
2.17       -53.4714        66.5017       -2306.46       -489.808       -1917.95         266523
2.18       -56.4204        70.1524       -2614.44        -550.13       -2131.45         262834
2.19       -63.3359        73.7915       -3387.27       -706.255       -2354.43         271288
2.2       -62.2452        77.4289       -3241.52       -669.735        -2587.3         272286
2.21       -61.1307        81.0583       -3095.01       -633.691       -2829.47         279030
2.22       -71.0046        84.6839       -4302.35       -872.971       -3081.04         281500
2.23       -73.8615        88.3038       -4740.07        -953.18       -3341.71         286314
2.24       -72.7083        91.9205       -4561.78       -909.156       -3611.49         288380
2.25       -77.5421         95.533       -5364.55       -1059.67       -3890.16         291604
2.26       -85.3523        99.1376       -6537.47       -1279.95       -4177.23         297484
2.27        -88.156         102.74       -6895.86       -1338.25       -4473.02         299057
2.28       -92.9405        106.336       -7691.24       -1479.54       -4777.03         304372
2.29       -98.7224        109.931       -8773.67       -1673.06        -5089.6         304804
2.3        -101.48        113.518        -9237.6       -1746.24        -5409.9         310409
2.31       -104.221          117.1       -9745.57       -1826.35       -5738.06         314709
2.32       -110.949        120.678       -11139.3       -2069.59       -6073.99         318422
2.33       -109.664        124.251       -10845.5       -1997.73       -6417.57         321577
2.34       -112.337         127.81       -11414.8       -2084.67       -6767.59         331866
2.35       -117.005        131.367       -12490.6       -2261.77       -7125.26         333145
2.37       -118.293        138.466       -12838.4       -2285.68       -7861.73         341911
2.4       -136.096        149.071       -17146.6       -2976.84       -9016.95         355220
2.41       -138.674        152.599       -17926.9       -3086.54       -9415.46         355251
2.42       -141.233         156.12       -18507.2       -3160.16       -9820.16         360106
2.43       -147.763        159.632       -20341.9       -3444.92       -10230.5         367881
2.44       -154.286        163.141         -22260       -3738.92       -10647.2         369521
2.46       -157.268        170.138       -23102.6       -3817.61       -11497.6         376412
2.48        -167.15        177.102       -26184.8       -4257.41       -12369.1         394518
2.49       -173.566        180.575       -28319.2       -4567.54         -12813         395694
2.5       -174.979        184.048       -28847.6       -4615.62         -13263         396868
2.51       -180.369        187.513       -30745.2       -4880.12       -13717.7         402738
2.52       -182.739        190.971       -31493.7       -4959.32       -14177.4         407602
2.53       -181.079         194.42       -30876.3       -4823.74       -14641.4         414975
2.54       -183.411        197.866       -31774.3       -4925.02       -15110.7         416792
2.55       -185.714        201.301         -32704       -5029.44       -15584.1         424544
2.56       -187.022        204.739       -33082.9       -5048.06       -16063.3         423166
2.57       -189.298        208.166       -33818.9       -5120.28       -16546.3         430944
2.58       -187.562        211.589       -33150.6       -4980.27         -17034         434025
2.59        -189.81        215.007       -34054.9       -5076.68       -17526.1         438033
2.6       -196.034        218.416       -36406.2       -5385.54       -18022.1         443987
2.61       -198.258        221.827       -37162.8       -5455.41       -18523.3         444016
2.62       -196.456        225.228       -36436.9        -5308.1       -19027.9         451367
2.63       -204.631        228.622       -39673.7       -5735.76       -19536.4         455438
2.64       -207.794        232.011       -41066.4       -5892.22       -20048.9         459420
2.65       -213.957        235.402       -43616.1       -6210.91       -20566.3         459441
2.66         -214.1        238.785       -43601.3       -6162.21       -21087.2         464849
2.67       -216.207        242.156       -44379.8       -6225.33       -21610.6         473220
2.68       -221.317        245.528       -46597.8       -6487.77       -22138.9         472180
2.69       -223.396         248.89       -47418.1       -6552.99       -22669.7         480530
2.7       -224.468         252.25       -47926.9       -6574.33       -23204.6         481816
2.71       -222.514        255.601       -47037.6       -6404.82       -23742.2         488986
2.72       -227.567        258.954         -49254       -6657.38       -24284.6         487200
2.73       -229.583        262.295       -50231.2       -6739.81       -24828.9         496213
2.74       -231.583        265.631       -51033.5       -6797.58       -25376.4         499788
2.75       -240.569        268.962       -55165.1       -7294.56       -25927.1         503846
2.77       -248.511        275.615       -58921.5       -7679.16       -27038.7         509191
2.78       -248.451        278.931         -58895       -7620.59       -27598.3         515347
2.79       -254.369        282.239       -61846.6       -7945.24       -28160.3         520591
2.8       -256.279        285.545       -62869.5       -8019.08       -28725.6         522918
2.81       -258.168        288.844       -63729.2       -8070.98       -29293.3         528309
2.82       -260.044        292.139       -64748.8       -8142.04       -29863.8         531264
2.83       -257.901        295.427       -63621.6       -7943.86       -30436.7         536558
2.84       -262.738        298.709       -66079.7       -8192.79       -31011.7         540928
2.85       -266.556        301.985         -68205       -8397.04       -31588.9         545397
2.86       -264.366        305.258       -67024.1       -8194.06       -32169.1         547643
2.87       -266.163        308.527         -68097       -8267.31       -32751.8         551230
2.88       -270.946        311.791       -70671.7       -8520.41       -33336.9         554422
2.89       -272.714        315.051       -71792.6       -8595.76       -33924.3         557928
2.9        -277.46        318.302       -74419.8       -8848.97       -34513.2         563825
2.91       -278.187        321.548       -74971.2       -8853.36       -35104.1         568426
2.92       -281.897        324.789       -77381.9       -9075.57       -35696.9         572442
2.93       -279.599        328.026       -76072.9       -8861.25       -36292.3         574840
2.94       -277.285        331.258       -74765.1       -8649.76       -36889.5         578947
2.95       -282.949        334.483       -77893.3       -8950.69       -37488.1         584016
2.96       -291.611        337.708       -82710.1       -9440.07       -38089.7         584698
2.97       -301.242        340.922         -88313       -10011.8       -38691.8         592382
2.98       -302.876        344.138       -89003.9       -10022.5       -39297.3         591058
2.99       -300.478        347.343       -87536.9       -9791.49       -39902.9         599835
3       -302.068        350.544       -88726.4       -9858.49       -40510.5         602292
