==== NON INTERACTIVE CASE ====

Number of meshpoints: 400
rho_max: 10

Armadillo time using eig_sym (s): 0.023384

==== JACOBI ALGORITHM ====

Matrix size: 399x399
Frobenius norm: OK
Jacobi operation time (s): 313.938
Number of iterations: 258845

Eigenvalues: 
2.9998
6.99902
10.9976
14.9956
18.9929
22.9896
26.9857
30.9811
34.9759
38.9701
42.9637
46.9566
50.9489
54.9405
58.9316
62.922
66.9117
70.9009
74.8895
78.8778
82.8681
86.8697
90.9107
95.0483
99.3537
103.88
108.651
113.667
118.922
124.407
130.115
136.041
142.18
148.527
155.08
161.836
168.793
175.948
183.299
190.846
198.587
206.521
214.646
222.961
231.466
240.159
249.04
258.107
267.36
276.798
286.419
296.224
306.212
316.381
326.73
337.26
347.969
358.857
369.922
381.165
392.583
404.177
415.946
427.888
440.003
452.291
464.75
477.379
490.178
503.146
516.283
529.586
543.056
556.691
570.491
584.455
598.581
612.87
627.32
641.929
656.698
671.626
686.711
701.952
717.348
732.9
748.604
764.462
780.47
796.63
812.939
829.396
846.001
862.753
879.65
896.691
913.876
931.203
948.671
966.28
984.027
1001.91
1019.93
1038.09
1056.38
1074.81
1093.37
1112.06
1130.88
1149.82
1168.9
1188.1
1207.43
1226.88
1246.46
1266.15
1285.97
1305.9
1325.96
1346.13
1366.41
1386.81
1407.33
1427.95
1448.69
1469.53
1490.48
1511.54
1532.71
1553.98
1575.35
1596.82
1618.39
1640.06
1661.83
1683.7
1705.66
1727.71
1749.85
1772.09
1794.41
1816.82
1839.32
1861.9
1884.57
1907.32
1930.15
1953.06
1976.05
1999.11
2022.25
2045.46
2068.75
2092.11
2115.53
2139.03
2162.59
2186.21
2209.9
2233.65
2257.46
2281.34
2305.26
2329.25
2353.29
2377.38
2401.53
2425.72
2449.97
2474.26
2498.6
2522.98
2547.41
2571.87
2596.38
2620.92
2645.5
2670.12
2694.77
2719.45
2744.17
2768.91
2793.68
2818.48
2843.3
2868.14
2893.01
2917.89
2942.8
2967.72
2992.65
3017.6
3042.57
3067.54
3092.52
3117.51
3142.51
3167.51
3192.51
3217.52
3242.53
3267.53
3292.53
3317.53
3342.52
3367.5
3392.48
3417.44
3442.39
3467.32
3492.25
3517.15
3542.04
3566.9
3591.75
3616.57
3641.36
3666.13
3690.88
3715.59
3740.27
3764.92
3789.54
3814.12
3838.66
3863.17
3887.64
3912.06
3936.44
3960.78
3985.07
4009.32
4033.51
4057.66
4081.75
4105.79
4129.78
4153.71
4177.58
4201.39
4225.14
4248.83
4272.45
4296.02
4319.51
4342.93
4366.29
4389.58
4412.79
4435.93
4458.99
4481.98
4504.89
4527.72
4550.47
4573.14
4595.72
4618.22
4640.63
4662.96
4685.19
4707.33
4729.39
4751.35
4773.21
4794.98
4816.65
4838.22
4859.69
4881.07
4902.33
4923.5
4944.56
4965.51
4986.35
5007.09
5027.72
5048.23
5068.63
5088.91
5109.09
5129.14
5149.07
5168.89
5188.59
5208.16
5227.61
5246.94
5266.14
5285.22
5304.17
5322.99
5341.68
5360.23
5378.66
5396.95
5415.11
5433.13
5451.02
5468.77
5486.37
5503.84
5521.17
5538.35
5555.4
5572.29
5589.04
5605.65
5622.11
5638.42
5654.58
5670.59
5686.44
5702.15
5717.7
5733.1
5748.34
5763.42
5778.35
5793.12
5807.73
5822.18
5836.47
5850.6
5864.56
5878.36
5892
5905.47
5918.77
5931.91
5944.88
5957.68
5970.31
5982.77
5995.06
6007.18
6019.12
6030.89
6042.49
6053.91
6065.15
6076.22
6087.11
6097.82
6108.36
6118.71
6128.88
6138.87
6148.68
6158.31
6167.76
6177.01
6186.09
6194.98
6203.68
6212.2
6220.52
6228.66
6236.61
6244.37
6251.93
6259.31
6266.49
6273.48
6280.27
6286.86
6293.26
6299.45
6305.45
6311.24
6316.83
6322.21
6327.38
6332.33
6337.07
6341.59
6345.88
6349.93
6353.74
6357.28
6360.55
6363.5
6366.09
6368.35
6370.69
6373.41
6376.51
6379.97
6383.77
6387.92
6392.43
6397.34
6402.67
6408.5
6414.92
6422.06
6430.15
6439.64
6451.69

====/ JACOBI ALGORITHM ====

