==== NON INTERACTIVE CASE ====

Number of meshpoints: 500
rho_max: 10

Armadillo time using eig_sym (s): 0.040245

==== JACOBI ALGORITHM ====

Matrix size: 499x499
Frobenius norm: OK
Jacobi operation time (s): 807.721
Number of iterations: 407249

Eigenvalues: 
2.99987
6.99937
10.9985
14.9972
18.9955
22.9933
26.9908
30.9879
34.9846
38.9809
42.9768
46.9722
50.9673
54.962
58.9563
62.9501
66.9436
70.9367
74.9294
78.9222
82.9173
86.9245
90.9733
95.1221
99.4425
103.987
108.779
113.817
119.095
124.606
130.342
136.298
142.468
148.85
155.44
162.236
169.235
176.436
183.837
191.436
199.233
207.227
215.416
223.799
232.376
241.146
250.108
259.262
268.606
278.141
287.865
297.778
307.879
318.168
328.645
339.308
350.157
361.192
372.412
383.816
395.404
407.176
419.13
431.267
443.586
456.086
468.767
481.628
494.668
507.888
521.286
534.862
548.615
562.546
576.652
590.934
605.391
620.023
634.828
649.807
664.958
680.281
695.776
711.441
727.277
743.282
759.456
775.798
792.308
808.985
825.827
842.836
860.009
877.346
894.847
912.511
930.336
948.323
966.471
984.779
1003.25
1021.87
1040.65
1059.59
1078.69
1097.94
1117.35
1136.91
1156.62
1176.49
1196.5
1216.67
1236.99
1257.46
1278.07
1298.84
1319.75
1340.8
1362
1383.35
1404.84
1426.47
1448.24
1470.16
1492.21
1514.4
1536.73
1559.2
1581.81
1604.55
1627.42
1650.43
1673.57
1696.84
1720.25
1743.78
1767.44
1791.24
1815.15
1839.2
1863.37
1887.67
1912.08
1936.62
1961.29
1986.07
2010.97
2035.99
2061.13
2086.39
2111.76
2137.24
2162.84
2188.55
2214.37
2240.31
2266.35
2292.5
2318.76
2345.13
2371.6
2398.17
2424.85
2451.63
2478.51
2505.49
2532.57
2559.75
2587.03
2614.4
2641.87
2669.43
2697.08
2724.82
2752.66
2780.58
2808.59
2836.69
2864.88
2893.14
2921.5
2949.93
2978.45
3007.05
3035.73
3064.48
3093.31
3122.22
3151.2
3180.26
3209.39
3238.59
3267.86
3297.19
3326.6
3356.07
3385.61
3415.21
3444.88
3474.61
3504.4
3534.24
3564.15
3594.11
3624.13
3654.21
3684.34
3714.52
3744.75
3775.03
3805.36
3835.74
3866.16
3896.64
3927.15
3957.71
3988.31
4018.95
4049.62
4080.34
4111.1
4141.88
4172.71
4203.57
4234.45
4265.37
4296.32
4327.3
4358.31
4389.34
4420.39
4451.47
4482.57
4513.69
4544.83
4575.99
4607.17
4638.36
4669.57
4700.79
4732.03
4763.27
4794.53
4825.79
4857.06
4888.34
4919.62
4950.91
4982.2
5013.49
5044.78
5076.07
5107.35
5138.63
5169.91
5201.18
5232.45
5263.7
5294.95
5326.18
5357.4
5388.61
5419.8
5450.98
5482.14
5513.28
5544.4
5575.5
5606.58
5637.64
5668.67
5699.67
5730.65
5761.6
5792.52
5823.41
5854.27
5885.09
5915.88
5946.63
5977.35
6008.03
6038.67
6069.27
6099.82
6130.34
6160.81
6191.23
6221.61
6251.94
6282.23
6312.46
6342.64
6372.77
6402.84
6432.86
6462.82
6492.73
6522.58
6552.37
6582.09
6611.76
6641.36
6670.9
6700.37
6729.78
6759.12
6788.39
6817.59
6846.72
6875.77
6904.75
6933.66
6962.49
6991.25
7019.93
7048.52
7077.04
7105.48
7133.83
7162.1
7190.28
7218.38
7246.39
7274.32
7302.15
7329.9
7357.55
7385.11
7412.57
7439.95
7467.22
7494.4
7521.48
7548.46
7575.34
7602.12
7628.8
7655.38
7681.85
7708.21
7734.47
7760.62
7786.67
7812.6
7838.42
7864.13
7889.73
7915.22
7940.59
7965.84
7990.98
8016
8040.91
8065.69
8090.35
8114.89
8139.31
8163.6
8187.78
8211.82
8235.74
8259.53
8283.19
8306.73
8330.13
8353.41
8376.55
8399.56
8422.43
8445.17
8467.77
8490.24
8512.57
8534.77
8556.82
8578.73
8600.51
8622.14
8643.63
8664.97
8686.17
8707.23
8728.14
8748.9
8769.52
8789.98
8810.3
8830.47
8850.49
8870.35
8890.07
8909.63
8929.04
8948.29
8967.38
8986.32
9005.11
9023.73
9042.2
9060.51
9078.65
9096.64
9114.47
9132.13
9149.63
9166.97
9184.14
9201.15
9218
9234.67
9251.18
9267.52
9283.7
9299.7
9315.54
9331.21
9346.7
9362.02
9377.18
9392.16
9406.96
9421.59
9436.05
9450.33
9464.44
9478.37
9492.13
9505.7
9519.1
9532.32
9545.36
9558.23
9570.91
9583.41
9595.73
9607.87
9619.83
9631.6
9643.19
9654.6
9665.82
9676.86
9687.71
9698.37
9708.85
9719.15
9729.25
9739.17
9748.9
9758.44
9767.79
9776.95
9785.92
9794.7
9803.29
9811.69
9819.89
9827.9
9835.71
9843.33
9850.75
9857.98
9865.01
9871.84
9878.47
9884.9
9891.13
9897.15
9902.97
9908.58
9913.99
9919.18
9924.15
9928.91
9933.44
9937.74
9941.81
9945.63
9949.19
9952.47
9955.43
9958.03
9960.3
9962.63
9965.34
9968.44
9971.9
9975.7
9979.84
9984.35
9989.25
9994.59
10000.4
10006.8
10014
10022.1
10031.5
10043.6

====/ JACOBI ALGORITHM ====

