2.15       -3.95055      0.0417755        7.35011        1.59007        6.62927         262305
2.16        -11.903       0.043658       -46.1336       -9.88803        13.1999         262076
2.17       -18.8378      0.0740525       -203.764       -43.2721        19.6947         266692
2.18        -21.764       0.055202       -306.555       -64.5054        26.1265         268154
2.19       -20.6637       0.048378       -251.009       -52.3362        32.4787         274679
2.2       -23.5592       0.055321       -395.079        -81.628        38.7697         276064
2.21         -26.43      0.0950125       -586.599       -120.104        44.9821         281756
2.22       -33.2898       0.115629       -941.294       -190.994        51.1313         285022
2.23       -40.1405       0.132545       -1389.45       -279.404         57.218         287644
2.24       -42.9651       0.127668       -1704.23       -339.651        63.2345         293470
2.25       -45.7779       0.112732       -2065.85       -408.069        69.1882         296870
2.26       -54.5743       0.131666       -2943.07       -576.215        75.0751         300907
2.27       -53.3488       0.173392       -2800.82       -543.543        80.8922         306076
2.28        -60.112         0.2078       -3514.17        -676.01        86.6481         308895
2.29       -58.8579       0.217165       -3354.72       -639.714        92.3453         312988
2.3       -61.5777       0.237243        -3490.2       -659.774        97.9719         319975
2.31       -68.2993       0.238974       -4309.15       -807.547        103.555         319750
2.32       -70.9876       0.253348       -4523.29       -840.385        109.062         327898
2.33       -76.6643       0.253912       -5236.05       -964.476        114.519         331230
2.34       -79.3131       0.275326       -5545.13        -1012.7        119.904         337660
2.35       -81.9573       0.272953       -6011.42       -1088.53        125.244         339380
