Number of meshpoints: 100
Interactive case

==== JACOBI ALGORITHM ====

Matrix size: 99x99
Frobenius norm: OK
Jacobi operation time: 0.998629s
Number of iterations: 11429

Eigenvalues: 
0.598683
0.967755
1.34535
1.72781
2.11327
2.50067
2.88973
3.28249
3.68809
4.12344
4.60276
5.13121
5.7087
6.33375
7.00489
7.72078
8.48027
9.28228
10.1258
11.0098
11.9333
12.8953
13.8948
14.9307
16.0021
17.1077
18.2465
19.4173
20.619
21.8503
23.1101
24.3971
25.71
27.0475
28.4083
29.791
31.1943
32.6167
34.057
35.5135
36.9851
38.47
39.967
41.4744
42.9909
44.5149
46.0449
47.5795
49.117
50.656
52.195
53.7323
55.2666
56.7963
58.3199
59.8358
61.3426
62.8388
64.323
65.7935
67.249
68.6881
70.1093
71.5112
72.8924
74.2515
75.5872
76.8982
78.1832
79.4408
80.6699
81.8691
83.0373
84.1734
85.2761
86.3443
87.377
88.3731
89.3315
90.2512
91.1313
91.9707
92.7685
93.5237
94.2354
94.9026
95.5241
96.0987
96.6251
97.1015
97.5254
97.8934
98.1986
98.3776
98.6111
98.9955
99.4839
100.099
100.926

====/ JACOBI ALGORITHM ====

