Number of meshpoints: 100
Interactive case

==== JACOBI ALGORITHM ====

Matrix size: 99x99
Frobenius norm: OK
Jacobi operation time: 0.272416s
Number of iterations: 3408

Eigenvalues: 
8.25463
16.7093
25.0448
33.1978
41.1381
48.8441
56.2964
63.4738
70.3518
76.8995
83.0744
88.811
93.9906
98.4997
102.875
107.952
113.777
120.219
127.205
134.698
142.673
151.114
160.01
169.351
179.132
189.346
199.99
211.061
222.556
234.472
246.808
259.563
272.735
286.324
300.327
314.745
329.576
344.821
360.478
376.548
393.029
409.922
427.226
444.941
463.066
481.602
500.548
519.904
539.67
559.845
580.43
601.425
622.829
644.643
666.866
689.498
712.539
735.989
759.847
784.115
808.792
833.878
859.372
885.275
911.586
938.307
965.436
992.973
1020.92
1049.27
1078.04
1107.21
1136.79
1166.78
1197.17
1227.98
1259.19
1290.82
1322.85
1355.29
1388.13
1421.39
1455.05
1489.13
1523.61
1558.5
1593.79
1629.5
1665.61
1702.13
1739.06
1776.4
1814.15
1852.31
1890.87
1929.85
1969.35
2010.85
2062.01

====/ JACOBI ALGORITHM ====

