Number of meshpoints: 100
Interactive case

==== JACOBI ALGORITHM ====

Matrix size: 99x99
Frobenius norm: OK
Jacobi operation time: 0.638305s
Number of iterations: 7701

Eigenvalues: 
4.04443
7.84784
11.6672
15.4712
19.2473
22.989
26.6925
30.3549
33.9743
37.5487
41.0764
44.5559
47.9857
51.364
54.6892
57.9595
61.173
64.3275
67.4208
70.4502
73.4127
76.3051
79.1232
81.8626
84.5175
87.0808
89.5434
91.8926
94.109
96.1574
97.9785
99.6408
101.461
103.538
105.815
108.251
110.826
113.529
116.35
119.284
122.327
125.473
128.721
132.069
135.513
139.053
142.686
146.413
150.231
154.139
158.138
162.226
166.402
170.667
175.018
179.457
183.983
188.594
193.292
198.075
202.944
207.897
212.936
218.059
223.266
228.558
233.934
239.394
244.937
250.565
256.276
262.07
267.948
273.908
279.953
286.08
292.29
298.583
304.959
311.418
317.959
324.584
331.29
338.08
344.952
351.906
358.943
366.063
373.266
380.558
387.969
395.598
403.653
412.41
422.127
433.064
445.591
460.417
479.398

====/ JACOBI ALGORITHM ====

