Number of meshpoints: 100
Interactive case

==== JACOBI ALGORITHM ====

Matrix size: 99x99
Frobenius norm: OK
Jacobi operation time: 0.97169s
Number of iterations: 9414

Eigenvalues: 
2.99428
5.67939
8.38911
11.0997
13.8016
16.4901
19.1622
21.8163
24.4511
27.0655
29.6589
32.2304
34.7795
37.3056
39.8082
42.2867
44.7406
47.1694
49.5725
51.9493
54.2993
56.6217
58.916
61.1815
63.4173
65.6227
67.7968
69.9387
72.0472
74.1214
76.1598
78.1611
80.1237
82.0457
83.9251
85.7593
87.5456
89.2802
90.9587
92.5754
94.1222
95.5865
96.9447
98.1552
99.259
100.466
101.839
103.335
104.928
106.602
108.351
110.167
112.048
113.99
115.99
118.047
120.158
122.322
124.539
126.807
129.124
131.491
133.907
136.37
138.881
141.439
144.044
146.694
149.391
152.132
154.919
157.751
160.627
163.548
166.513
169.522
172.574
175.67
178.81
181.993
185.221
188.496
191.828
195.236
198.754
202.425
206.29
210.38
214.72
219.334
224.25
229.504
235.141
241.229
247.86
255.176
263.412
273.022
285.174

====/ JACOBI ALGORITHM ====

