final time = 1e-05

0              0
0.01 6.5786227e-258
0.02 7.2111608e-255
0.03 7.8160149e-252
0.04 8.3758961e-249
0.05 8.8735472e-246
0.06 9.2925891e-243
0.07 9.6183839e-240
0.08 9.8388595e-237
0.09 9.9452341e-234
0.1 9.9325801e-231
0.11 9.8001797e-228
0.12  9.551637e-225
0.13 9.1947323e-222
0.14 8.7410241e-219
0.15 8.2052278e-216
0.16 7.6044161e-213
0.17 6.9571026e-210
0.18 6.2822792e-207
0.19  5.598476e-204
0.2 4.9229123e-201
0.21 4.2707918e-198
0.22 3.6547812e-195
0.23 3.0846933e-192
0.24 2.5673751e-189
0.25 2.1067873e-186
0.26 1.7042425e-183
0.27 1.3587662e-180
0.28 1.0675345e-177
0.29 8.2634612e-175
0.3 6.3008867e-172
0.31 4.7316795e-169
0.32 3.4987654e-166
0.33 2.5468858e-163
0.34 1.8247604e-160
0.35 1.2864939e-157
0.36 8.9231038e-155
0.37 6.0873487e-152
0.38   4.08356e-149
0.39 2.6930183e-146
0.4 1.7454878e-143
0.41 1.1116172e-140
0.42 6.9539976e-138
0.43 4.2719915e-135
0.44 2.5764054e-132
0.45 1.5249404e-129
0.46 8.8554039e-127
0.47 5.0435659e-124
0.48 2.8163876e-121
0.49  1.541411e-118
0.5 8.2652446e-116
0.51 4.3404798e-113
0.52 2.2314715e-110
0.53 1.1226289e-107
0.54   5.52439e-105
0.55 2.6579064e-102
0.56  1.2496763e-99
0.57  5.7391026e-97
0.58  2.5730918e-94
0.59  1.1256336e-91
0.6  4.8020175e-89
0.61  1.9965377e-86
0.62    8.08514e-84
0.63  3.1869034e-81
0.64    1.22186e-78
0.65   4.553324e-76
0.66  1.6479946e-73
0.67  5.7882765e-71
0.68   1.971215e-68
0.69  6.5029724e-66
0.7  2.0761543e-63
0.71  6.4080515e-61
0.72  1.9099822e-58
0.73  5.4910329e-56
0.74  1.5207127e-53
0.75  4.0514827e-51
0.76  1.0368433e-48
0.77  2.5447839e-46
0.78  5.9796352e-44
0.79  1.3426566e-41
0.8  2.8749222e-39
0.81  5.8569999e-37
0.82  1.1324754e-34
0.83   2.072461e-32
0.84   3.578579e-30
0.85  5.8103528e-28
0.86  8.8362937e-26
0.87  1.2531095e-23
0.88  1.6487343e-21
0.89  2.0007588e-19
0.9  2.2239136e-17
0.91   2.245682e-15
0.92  2.0397043e-13
0.93  1.6460717e-11
0.94  1.1621481e-09
0.95  7.0344408e-08
0.96  3.5517243e-06
0.97  0.00014381291
0.98   0.0043928143
0.99    0.090868836
1              1
