1       -7.98328       0.281732        0.13348        0.13348        15.8928           2095
1.05       -11.9599       0.344973       -63.1742       -57.3008        30.2962           2909
1.1       -15.9246       0.332826       -125.709       -103.892        43.4103           4391
1.15       -15.8787       0.375935       -123.882       -93.6729        55.3447           5718
1.2       -19.8167       0.331522       -248.426       -172.518        66.2969           7727
1.25       -27.7376        0.40206       -561.734       -359.509        76.3081           9869
1.3       -35.6372        0.37707       -999.199       -591.242        85.5728          12563
1.35       -35.5111       0.322506       -989.243       -542.794        94.1326          15770
1.4       -39.3564       0.270231        -1229.1        -627.09        102.039          19256
1.45       -43.1703       0.353539       -1527.87       -726.694        109.287          23178
1.5       -50.9487       0.388009       -2197.75        -976.78        116.058          27856
1.55       -58.6819       0.360981        -2983.7       -1241.91        122.361          33284
1.6       -58.3684       0.364993        -2944.4       -1150.16        128.188          39150
1.65       -66.0158       0.264326       -3834.49       -1408.44        133.694        44141.5
1.7       -68.5956       0.248498        -4147.9       -1435.26        138.783        52559.5
1.75       -72.1336       0.269981       -4621.76       -1509.15        143.514          57817
1.8       -77.6099       0.249301       -5371.93          -1658        147.938          65589
1.85       -81.0161        0.19417       -5872.14       -1715.75        152.066          74238
1.9       -84.3732       0.218598       -6403.31       -1773.77        155.918          80568
1.95       -87.6445       0.181614       -6974.07       -1834.07        159.513          90969
2       -90.8437       0.220386       -7585.11       -1896.28        162.851         100077
2.05       -97.9727       0.178428       -8874.04       -2111.61        165.986         108936
2.1       -106.031       0.256055       -10424.3       -2363.79        168.892         117696
2.15       -110.014       0.255325       -11361.9       -2457.96        171.622         127044
2.2       -112.909       0.285409       -11871.3       -2452.75        174.152         138094
2.25       -115.727       0.295413       -12587.4       -2486.41        176.518         147774
2.3       -119.458       0.290649       -13292.6       -2512.78         178.72         158708
2.35       -121.129       0.270704       -13622.5       -2466.73        180.794         166407
2.4       -126.713       0.259632         -14952       -2595.83        182.719         177172
2.45       -129.205       0.236312       -15621.6       -2602.52        184.505         188480
2.5       -135.614       0.223697       -17267.5        -2762.8        186.162         199057
2.55       -133.936       0.222201       -16801.7       -2583.89        187.696         209502
2.6       -140.172       0.207662       -18460.7       -2730.87        189.118         220277
2.65       -142.332       0.209862       -18974.5       -2701.95        190.438         230131
2.7       -140.405       0.193038       -18413.9       -2525.92        191.659         240728
2.75       -141.393       0.164124       -18714.9        -2474.7        192.784         251560
2.8       -147.306       0.164191       -20374.8       -2598.83        193.824         260655
2.85       -151.141       0.158471       -21599.5       -2659.22        194.782         270712
2.9       -157.886        0.14885       -23714.9       -2819.85        195.657         281548
2.95       -159.565       0.172406       -24087.2       -2767.85        196.462         290056
3       -160.164       0.183441       -24180.5       -2686.72        197.198         300059
