1       -7.98204        0.39014       0.143355       0.143355         15.768            225
1.05       -7.95872        0.69661       0.701653        0.63642        29.9205            296
1.1       -7.92524        0.69386        1.50129        1.24074        43.0654            399
1.15              0              0   1.97626e-323              0   1.97626e-323              0
1.2        -11.823        1.24793       -59.1161       -41.0529        64.8509            673
1.25       -11.7456        0.92975       -56.7533       -36.3221        75.1861            978
1.3       -19.6335        0.94934       -241.266       -142.761        84.8323           1399
1.35       -19.5132        1.60065       -235.555       -129.248        92.0612           1521
1.4       -23.3606        1.54224       -352.306       -179.748        100.383           1926
1.45       -31.1742         1.4569       -715.911       -340.505        107.862           2333
1.5              0              0   1.97626e-323              0   1.97626e-323              0
1.55       -38.6604        1.51447       -1239.35       -515.857        120.941           3535
1.6       -42.3336        1.57384       -1456.57       -568.974        126.708           4057
1.65        -45.965        1.78084       -1793.71       -658.848        131.756           4608
1.7       -49.5454        1.76957       -2054.96       -711.059        136.903           5278
1.75       -53.0852        1.50413       -2434.72       -795.011        142.202           5763
1.8       -56.5598        1.35694       -2734.89       -844.103        146.894         6559.5
1.85       -64.9437        1.35047       -3686.68       -1077.19        151.038         7679.5
1.9       -64.2858        1.31672       -3596.38       -996.227        154.949           8195
1.95       -73.5459        1.50362       -4802.09       -1262.88        158.268           9273
2       -76.7233        1.49064       -5319.72       -1329.93        161.663          10258
2.05       -83.8603         1.5434        -6408.4        -1524.9        164.741          10769
2.1       -90.9235        1.55128       -7586.67       -1720.33        167.679          11712
2.15       -93.9073        1.56182       -8210.27       -1776.15        170.384          12722
2.2       -94.7753        1.58012       -8425.01        -1740.7        172.903          14087
2.25       -93.5528        1.44049       -8183.39       -1616.47        175.454          15216
2.3       -96.3115        1.46964       -8556.32       -1617.45        177.682          15449
2.35       -94.9929        1.47077       -8293.45       -1501.76        179.772          16495
2.4       -93.5304         1.4774       -8005.94       -1389.92        181.682        18258.5
2.45              0              0   1.97626e-323              0   1.97626e-323              0
2.5       -100.429        1.57322       -9609.16       -1537.47        185.046        19846.5
2.55       -102.748        1.62475       -9880.01       -1519.42        186.522          21133
2.6              0              0   1.97626e-323              0   1.97626e-323              0
2.65       -103.122        1.81125       -10076.9       -1434.95        189.022          23187
2.7       -101.229         1.8169       -9672.81       -1326.86        190.276          23626
2.75       -107.224        1.94873       -10872.9       -1437.74        191.229          25080
2.8       -105.127        1.89628       -10411.3       -1327.97        192.355          26235
2.85       -110.932        1.76243       -11527.5        -1419.2        193.503          27413
2.9       -112.662        1.79857         -11731       -1394.89        194.338        28343.5
2.95       -113.355        1.76118         -11773       -1352.83         195.21        28882.5
3       -114.974         1.8304       -12014.6       -1334.95        195.939        29660.5
