1       -7.98486       0.373896       0.120859       0.120859        15.8261           1891
1.05       -11.9616       0.252737       -63.2037       -57.3276        30.3462           2880
1.1       -15.9284       0.268074       -189.821       -156.877        43.4624           4146
1.15       -23.8841       0.315808       -442.888       -334.887        55.3144           5567
1.2       -27.8236       0.472035       -694.566       -482.337        66.1783           7594
1.25       -31.7435       0.572147       -1007.99       -645.116        76.1529           9987
1.3       -39.6423       0.501621       -1508.58       -892.653        85.4829          12651
1.35       -43.5197       0.380114       -1687.05       -925.681        94.0241          15450
1.4        -47.365       0.325876       -1924.64       -981.958        101.981          19381
1.45       -51.1709       0.230368       -2347.55       -1116.55        109.344          24212
1.5       -54.9413       0.227747        -2827.7       -1256.76         116.11          28568
1.55       -54.6776       0.248296       -2796.58       -1164.03        122.388          32898
1.6       -58.3614       0.278707       -3069.29       -1198.94        128.213          39556
1.65       -58.0076       0.256044       -3025.39       -1111.25        133.674          44289
1.7       -57.6058       0.252992       -2975.62       -1029.63        138.771        50331.5
1.75        -62.138       0.218644       -3374.29       -1101.81        143.518        58414.5
1.8       -65.6056       0.222737       -3745.24       -1155.94        147.929          66426
1.85       -65.0077       0.247769        -3662.4       -1070.09        152.019          74610
1.9       -68.3477       0.258113       -4067.69       -1126.78        155.862          82453
1.95        -71.614       0.261671       -4500.92       -1183.67        159.438          91432
2       -76.8137        0.24622       -5276.05       -1319.01        162.795         100057
2.05        -75.942       0.296543        -5135.7       -1222.06        165.907         108836
2.1       -75.0049       0.307629       -4986.58       -1130.74        168.835         117209
2.15       -73.9926       0.356836       -4827.37       -1044.32        171.547         126619
2.2       -78.9001       0.396789       -5581.81       -1153.27        174.084         136563
2.25       -77.7304       0.413297       -5389.06        -1064.5        176.459         146168
2.3       -76.4678       0.421339       -5184.13       -979.987        178.667         157774
2.35       -78.1246       0.379091       -5362.58       -971.043        180.735         167634
2.4       -80.6963       0.410767       -5690.95       -988.012        182.636         178520
2.45       -83.1899       0.364219       -6051.68       -1008.19        184.437         188344
2.5       -81.6052       0.364656       -5777.69        -924.43        186.097         198210
2.55        -81.926       0.374201       -5819.36       -894.941        187.626         209964
2.6       -88.1446       0.373419       -6826.93        -1009.9        189.036         222409
2.65       -94.3026       0.382106       -7900.93       -1125.09        190.362         230249
2.7       -92.3793       0.377746       -7526.25       -1032.41        191.583         240707
2.75        -94.365       0.364149       -7864.69       -1039.96        192.711         251554
2.8       -101.285       0.372947          -9162       -1168.62        193.751         260260
2.85       -103.132       0.356514       -9547.04       -1175.38        194.722         269211
2.9       -108.894       0.360161       -10722.3       -1274.95         195.61         279804
2.95       -110.568       0.378343         -11129       -1278.82        196.409         291116
3       -113.172       0.393226       -11669.1       -1296.57        197.148         299452
