2        -7.1983        3.73344         5.8202        1.45505       0.364831         200630
2.01       -14.3803        7.46127       -91.6598       -22.6875       -13.1154         203967
2.02       -13.5561        11.1869       -62.0008       -15.1948       -40.2024         206216
2.03       -20.7185        14.9081       -250.149       -60.7026       -80.6435         209279
2.04       -23.8681        18.6252       -374.533       -89.9973         -134.2         212685
2.05       -27.0002        22.3364       -549.756       -130.817       -200.598         216886
2.06       -30.1146        26.0416       -647.756       -152.643       -279.586         221232
2.07       -33.2097        29.7404       -859.774       -200.652       -370.909         225573
2.08       -40.2976        33.4369       -1324.03       -306.035       -474.437         228101
2.09       -43.3723         37.129       -1629.45       -373.033       -589.906         231564
2.1       -46.4271        40.8145       -1983.91       -449.867       -717.016         236478
2.11       -53.4694        44.4958       -2631.12       -590.985       -855.633         239702
2.12       -60.5003        48.1735       -3376.31       -751.225       -1005.56         242430
2.13       -63.5096        51.8439       -3605.24       -794.648       -1166.46         247705
2.14       -66.5037        55.5094       -3882.33       -847.744       -1338.19         251628
2.15       -69.4855        59.1707       -4207.42       -910.205        -1520.6         254507
2.16       -74.4371        62.8219       -4888.21       -1047.71       -1713.17         262065
2.17       -77.3948        66.4752       -5288.94       -1123.18       -1916.38         260550
2.18       -80.3196        70.1174       -5733.91       -1206.53       -2129.28         268787
2.19        -87.244        73.7598       -6838.63       -1425.87       -2352.36         268874
2.2       -90.1554         77.398       -7370.64       -1522.86        -2585.2         271874
2.21       -93.0435        81.0283       -7820.06       -1601.13       -2827.33         277762
2.22        -91.921        84.6552       -7603.36       -1542.76       -3078.91         280327
2.23       -100.771        88.2728       -9238.19       -1857.71       -3339.32         287731
2.24       -107.612        91.8878         -10609       -2114.35       -3608.88         289117
2.25       -110.437        95.4971       -11161.4       -2204.71       -3887.19         293589
2.26       -115.236        99.0974       -12205.1        -2389.6       -4173.79         300674
2.27        -114.02        102.693       -11916.6       -2312.61       -4468.89         303512
2.28       -116.796        106.286       -12540.8       -2412.43       -4772.49         306050
2.29       -119.556        109.874       -13145.6       -2506.73       -5084.25         309789
2.3       -118.293        113.454       -12834.9       -2426.26       -5403.72         316211
2.31       -121.024        117.033       -13472.8       -2524.84       -5731.34         317460
2.32       -119.723          120.6       -13149.1       -2442.98       -6066.07         325397
2.33       -118.411        124.164       -12826.2       -2362.58        -6408.5         328316
2.34        -121.09        127.725       -13419.1       -2450.71       -6758.54         330054
2.35       -125.742        131.277       -14536.9       -2632.31       -7115.36         337308
2.36        -128.38        134.824       -15174.6       -2724.55       -7479.37         340303
2.37       -127.013         138.37       -14814.3       -2637.45       -7850.71         342424
2.38       -132.623        141.908       -16226.2       -2864.59       -8228.62         347222
2.39       -135.208        145.437       -16909.8       -2960.35       -8612.86         353662
2.4       -137.773         148.96       -17554.7       -3047.69       -9003.43         358918
2.41       -145.329         152.48       -19628.8       -3379.56       -9400.69         361175
2.42       -146.862        155.992       -20053.1       -3424.14       -9803.95         366422
2.43       -154.387        159.502       -22255.9       -3769.06       -10213.7         368910
2.44       -163.892        163.006       -25185.1       -4230.23       -10629.4         373810
2.45       -166.384        166.504       -25967.2       -4326.06       -11051.1         377496
2.46       -172.849        169.994       -28108.4       -4644.79         -11478         383564
2.47       -181.291        173.476       -31020.2       -5084.54       -11910.3         389129
2.48       -183.742        176.962       -31875.4       -5182.66       -12349.4         387408
2.49       -186.153        180.434         -32760       -5283.79       -12792.8         397427
2.5       -192.562        183.905       -35135.9       -5621.74       -13242.2         397455
2.51       -190.943        187.367       -34501.9        -5476.4       -13696.2         404563
2.52       -197.309        190.824       -36922.4       -5814.18       -14155.4         408582
2.54       -202.002        197.726         -38732       -6003.47       -15089.3         416319
2.55       -208.322        201.168         -41274       -6347.41       -15563.3         420251
2.56       -210.629        204.605       -42183.4       -6436.68       -16042.2         423383
2.57        -216.91        208.034       -44818.3       -6785.62       -16525.2         429710
2.59       -222.427        214.877       -47224.5       -7039.93       -17504.9         436419
2.6       -220.676        218.296       -46434.1       -6868.95         -18002         437756
2.61       -221.894        221.704       -46913.3       -6886.75       -18502.6         445450
2.62       -228.109        225.111       -49699.2       -7240.13       -19008.1         446053
2.63       -234.306        228.513       -52550.3       -7597.38       -19517.6         450370
2.64       -237.478        231.905       -54133.9       -7767.15       -20030.5         457208
2.65       -239.632        235.292       -55018.2       -7834.56       -20547.1         461107
2.66       -239.786         238.68       -55128.1        -7791.3       -21068.5         461851
2.67       -237.904        242.055       -54213.7       -7604.78       -21592.5         471008
2.68       -240.012        245.426       -55093.9       -7670.68       -22120.4         473523
2.69       -242.094        248.789       -56160.2       -7761.11       -22651.2         479102
2.7       -249.167        252.149       -59601.1       -8175.73         -23186         482272
2.71       -257.219        255.502       -63660.4       -8668.24       -23723.8         487102
2.72       -255.262        258.853       -62641.4       -8466.88       -24265.5         489215
2.73       -257.275        262.193       -63791.5       -8559.29       -24809.4         496654
2.74       -260.294        265.535       -65124.4       -8674.46       -25358.1         495250
2.75       -258.288         268.87       -64067.9       -8471.79       -25909.2         501899
2.76       -262.268        272.199         -66301       -8703.66       -26463.4         505132
2.77       -263.233        275.524         -66926       -8722.38       -27020.7         508718
2.78       -265.174         278.84       -68133.8       -8816.02       -27580.4         514295
2.79       -271.108        282.155       -71267.7       -9155.54       -28143.4         517230
2.8        -274.03        285.465       -72551.1       -9253.97       -28709.5         520022
2.82       -274.819        292.068       -72707.4       -9142.82       -29849.3         525718
2.83       -276.687         295.36       -73871.1       -9223.63       -30422.8         533404
2.84       -278.532        298.645       -75062.1       -9306.45       -30998.3         538445
2.85       -280.352        301.921       -76277.4       -9390.87       -31575.6         544414
2.86       -287.176        305.199       -80028.7       -9783.93       -32156.7         544707
2.89       -297.531        314.995       -86018.7         -10299       -33912.3         557342
2.9       -302.289        318.252       -88898.1       -10570.5       -34502.2         560242
2.91       -304.023          321.5       -90188.1       -10650.3       -35093.6         566290
2.92       -303.758        324.748         -90157       -10573.9       -35688.1         567020
2.93       -304.468        327.989       -90801.8       -10576.9       -36284.1         572740
2.94        -310.15         331.22       -94248.6       -10903.9         -36881         579316
2.95       -315.834        334.452       -97760.1       -11233.6       -37481.1         578946
2.96       -320.483        337.672        -100602       -11482.1       -38081.6         588029
2.97       -325.133        340.892        -103648       -11750.2       -38685.1         588342
2.98       -322.767        344.108        -102096       -11496.7       -39290.4         591450
3       -329.985        350.523        -106418       -11824.3       -40505.8         599309
