1       -7.98497       0.249176        0.12003        0.12003         15.912           1862
1.05       -11.9615       0.407655       -63.1954       -57.3201        30.2566           2937
1.1         -19.93       0.210987       -253.564       -209.557         43.482           3969
1.15       -27.8881       0.191079        -570.44       -431.335        55.4469           5235
1.2       -31.8297       0.315332       -757.843        -526.28        66.3254           7338
1.25       -31.7519       0.227535       -752.278       -481.458        76.4198           9669
1.3        -35.648       0.064913       -998.854       -591.038        85.6996          12961
1.35       -35.5201       0.202029       -988.743        -542.52        94.1908          16034
1.4       -39.3654       0.230251       -1228.73       -626.904        102.063          19337
1.45       -43.1758       0.164451       -1527.22       -726.382        109.378          23721
1.5       -46.9505       0.169805       -1883.43       -837.081        116.146          28123
1.55       -46.6845        0.25209       -1856.44       -772.711        122.415          33154
1.6       -54.3676       0.093086       -2571.46       -1004.48        128.294          39452
1.65         -62.01       0.015766       -3399.74       -1248.76        133.749          44814
1.7       -61.5925       0.036028       -3344.82       -1157.38        138.817          52163
1.75       -65.1248       0.108301       -3840.47       -1254.03        143.541          58583
1.8       -64.5974       0.140973       -3767.79        -1162.9        147.945        65899.5
1.85              0  -7.45834e-155   1.06124e-314   9.88131e-324              0              0
1.9              0  -7.45834e-155   1.06124e-314   9.88131e-324              0              0
1.95       -83.6109       0.128741       -6564.84       -1726.45        159.489          90623
2        -82.806       0.119775       -6424.28       -1606.07        162.832         100742
2.05       -84.9536       0.108057       -6671.65       -1587.54        165.978         106760
2.1       -84.0032       0.125321       -6503.14       -1474.63        168.891         118870
2.15       -85.9941        0.17981       -6746.97       -1459.59        171.617         126342
2.2       -90.8899       0.166582       -7537.35        -1557.3        174.158         137795
2.25       -97.7107       0.182502       -8769.08       -1732.16        176.527         147480
2.3       -100.445       0.201585       -9366.67       -1770.64        178.731         157961
2.35       -103.099       0.187297       -9786.86       -1772.18        180.788         168404
2.4        -108.68       0.138053       -10946.4       -1900.41        182.712         177574
2.45       -111.175       0.122825       -11558.6       -1925.64        184.498         188008
2.5       -114.592       0.124435       -12280.4       -1964.86        186.157         197814
2.55        -120.93       0.142592       -13722.3       -2110.32        187.698         207882
2.6       -123.176       0.155143       -14150.4       -2093.25        189.122         219290
2.65       -129.328       0.188104       -15654.2       -2229.15        190.435         230726
2.7       -131.418       0.204687       -16254.4       -2229.69        191.659         238498
2.75       -133.412       0.243008       -16870.1       -2230.75        192.775         250674
2.8       -135.321       0.220927       -17230.8       -2197.81         193.82         261212
2.85       -137.149       0.220352       -17608.8        -2167.9        194.775         271375
2.9       -144.913       0.241132         -19761       -2349.71        195.657         279342
2.95              0  -7.45834e-155   1.06124e-314   9.88131e-324              0              0
3              0  -7.45834e-155   1.06124e-314   9.88131e-324              0              0
