final time = 0.2

0              0
0.005   0.0038889698
0.01   0.0075005162
0.015    0.011112767
0.02    0.014726061
0.025    0.018340736
0.03    0.021957132
0.035    0.025575587
0.04    0.029196436
0.045    0.032820018
0.05    0.036446669
0.055    0.040076724
0.06    0.043710518
0.065    0.047348384
0.07    0.050990655
0.075    0.054637664
0.08     0.05828974
0.085    0.061947214
0.09    0.065610412
0.095    0.069279663
0.1     0.07295529
0.105    0.076637619
0.11    0.080326971
0.115    0.084023667
0.12    0.087728025
0.125    0.091440363
0.13    0.095160995
0.135    0.098890234
0.14     0.10262839
0.145     0.10637578
0.15      0.1101327
0.155     0.11389945
0.16     0.11767635
0.165     0.12146369
0.17     0.12526176
0.175     0.12907087
0.18     0.13289129
0.185     0.13672334
0.19     0.14056727
0.195      0.1444234
0.2     0.14829198
0.205      0.1521733
0.21     0.15606764
0.215     0.15997527
0.22     0.16389645
0.225     0.16783144
0.23     0.17178052
0.235     0.17574394
0.24     0.17972196
0.245     0.18371481
0.25     0.18772276
0.255     0.19174605
0.26     0.19578492
0.265      0.1998396
0.27     0.20391032
0.275     0.20799732
0.28     0.21210083
0.285     0.21622105
0.29     0.22035822
0.295     0.22451253
0.3     0.22868421
0.305     0.23287345
0.31     0.23708045
0.315     0.24130542
0.32     0.24554854
0.325        0.24981
0.33     0.25408999
0.335     0.25838867
0.34     0.26270623
0.345     0.26704284
0.35     0.27139865
0.355     0.27577384
0.36     0.28016854
0.365     0.28458293
0.37     0.28901713
0.375     0.29347129
0.38     0.29794556
0.385     0.30244005
0.39     0.30695489
0.395     0.31149022
0.4     0.31604613
0.405     0.32062275
0.41     0.32522017
0.415     0.32983851
0.42     0.33447786
0.425      0.3391383
0.43     0.34381993
0.435     0.34852282
0.44     0.35324705
0.445     0.35799268
0.45      0.3627598
0.455     0.36754844
0.46     0.37235868
0.465     0.37719055
0.47      0.3820441
0.475     0.38691937
0.48     0.39181639
0.485     0.39673519
0.49      0.4016758
0.495     0.40663822
0.5     0.41162247
0.505     0.41662856
0.51     0.42165649
0.515     0.42670625
0.52     0.43177783
0.525     0.43687122
0.53      0.4419864
0.535     0.44712333
0.54       0.452282
0.545     0.45746236
0.55     0.46266437
0.555     0.46788798
0.56     0.47313314
0.565     0.47839979
0.57     0.48368786
0.575      0.4889973
0.58     0.49432802
0.585     0.49967994
0.59     0.50505299
0.595     0.51044706
0.6     0.51586207
0.605     0.52129791
0.61     0.52675448
0.615     0.53223166
0.62     0.53772935
0.625     0.54324742
0.63     0.54878574
0.635     0.55434418
0.64     0.55992261
0.645     0.56552089
0.65     0.57113886
0.655     0.57677638
0.66     0.58243329
0.665     0.58810943
0.67     0.59380464
0.675     0.59951874
0.68     0.60525156
0.685     0.61100292
0.69     0.61677264
0.695     0.62256051
0.7     0.62836637
0.705     0.63418999
0.71     0.64003118
0.715     0.64588974
0.72     0.65176545
0.725      0.6576581
0.73     0.66356746
0.735     0.66949332
0.74     0.67543543
0.745     0.68139358
0.75     0.68736752
0.755     0.69335702
0.76     0.69936183
0.765     0.70538169
0.77     0.71141637
0.775     0.71746559
0.78     0.72352912
0.785     0.72960667
0.79     0.73569798
0.795     0.74180279
0.8     0.74792082
0.805     0.75405179
0.81     0.76019542
0.815     0.76635143
0.82     0.77251954
0.825     0.77869945
0.83     0.78489087
0.835      0.7910935
0.84     0.79730705
0.845     0.80353121
0.85     0.80976569
0.855     0.81601017
0.86     0.82226435
0.865     0.82852791
0.87     0.83480055
0.875     0.84108193
0.88     0.84737176
0.885      0.8536697
0.89     0.85997544
0.895     0.86628864
0.9     0.87260899
0.905     0.87893615
0.91     0.88526979
0.915     0.89160959
0.92     0.89795521
0.925     0.90430632
0.93     0.91066257
0.935     0.91702363
0.94     0.92338917
0.945     0.92975884
0.95      0.9361323
0.955     0.94250922
0.96     0.94888924
0.965     0.95527203
0.97     0.96165724
0.975     0.96804453
0.98     0.97443354
0.985     0.98082394
0.99     0.98721539
0.995     0.99360752
1              1
