final time = 0.2

0              0
0.005   0.0046213372
0.01   0.0092428301
0.015    0.013864572
0.02    0.018486656
0.025    0.023109176
0.03    0.027732224
0.035    0.032355894
0.04    0.036980277
0.045    0.041605468
0.05    0.046231557
0.055    0.050858638
0.06    0.055486801
0.065    0.060116139
0.07    0.064746743
0.075    0.069378703
0.08    0.074012111
0.085    0.078647055
0.09    0.083283628
0.095    0.087921916
0.1     0.09256201
0.105    0.097203999
0.11     0.10184797
0.115     0.10649401
0.12      0.1111422
0.125     0.11579264
0.13     0.12044541
0.135     0.12510059
0.14     0.12975827
0.145     0.13441854
0.15     0.13908147
0.155     0.14374715
0.16     0.14841566
0.165     0.15308708
0.17     0.15776149
0.175     0.16243898
0.18     0.16711962
0.185     0.17180349
0.19     0.17649066
0.195     0.18118122
0.2     0.18587524
0.205      0.1905728
0.21     0.19527396
0.215     0.19997881
0.22     0.20468741
0.225     0.20939983
0.23     0.21411615
0.235     0.21883644
0.24     0.22356076
0.245     0.22828918
0.25     0.23302177
0.255     0.23775859
0.26      0.2424997
0.265     0.24724518
0.27     0.25199508
0.275     0.25674946
0.28     0.26150838
0.285     0.26627191
0.29     0.27104009
0.295     0.27581299
0.3     0.28059066
0.305     0.28537316
0.31     0.29016053
0.315     0.29495283
0.32     0.29975011
0.325     0.30455243
0.33     0.30935981
0.335     0.31417232
0.34     0.31899001
0.345      0.3238129
0.35     0.32864105
0.355      0.3334745
0.36     0.33831328
0.365     0.34315744
0.37     0.34800702
0.375     0.35286205
0.38     0.35772256
0.385     0.36258859
0.39     0.36746017
0.395     0.37233734
0.4     0.37722011
0.405     0.38210853
0.41     0.38700261
0.415     0.39190238
0.42     0.39680787
0.425     0.40171909
0.43     0.40663608
0.435     0.41155884
0.44     0.41648739
0.445     0.42142176
0.45     0.42636196
0.455       0.431308
0.46     0.43625989
0.465     0.44121765
0.47     0.44618128
0.475      0.4511508
0.48      0.4561262
0.485      0.4611075
0.49     0.46609469
0.495     0.47108779
0.5     0.47608679
0.505     0.48109168
0.51     0.48610248
0.515     0.49111917
0.52     0.49614174
0.525      0.5011702
0.53     0.50620454
0.535     0.51124474
0.54      0.5162908
0.545     0.52134269
0.55     0.52640042
0.555     0.53146396
0.56     0.53653329
0.565     0.54160841
0.57     0.54668928
0.575     0.55177589
0.58     0.55686822
0.585     0.56196624
0.59     0.56706992
0.595     0.57217925
0.6     0.57729419
0.605     0.58241471
0.61     0.58754079
0.615     0.59267239
0.62     0.59780947
0.625     0.60295201
0.63     0.60809996
0.635     0.61325329
0.64     0.61841196
0.645     0.62357594
0.65     0.62874517
0.655     0.63391962
0.66     0.63909924
0.665     0.64428399
0.67     0.64947382
0.675     0.65466868
0.68     0.65986853
0.685     0.66507332
0.69     0.67028298
0.695     0.67549748
0.7     0.68071675
0.705     0.68594075
0.71     0.69116941
0.715     0.69640268
0.72      0.7016405
0.725     0.70688281
0.73     0.71212955
0.735     0.71738066
0.74     0.72263608
0.745     0.72789574
0.75     0.73315957
0.755     0.73842752
0.76     0.74369952
0.765     0.74897549
0.77     0.75425537
0.775     0.75953909
0.78     0.76482658
0.785     0.77011776
0.79     0.77541257
0.795     0.78071093
0.8     0.78601277
0.805       0.791318
0.81     0.79662657
0.815     0.80193838
0.82     0.80725337
0.825     0.81257145
0.83     0.81789254
0.835     0.82321657
0.84     0.82854345
0.845      0.8338731
0.85     0.83920545
0.855     0.84454041
0.86     0.84987789
0.865     0.85521781
0.87     0.86056009
0.875     0.86590465
0.88     0.87125139
0.885     0.87660023
0.89     0.88195109
0.895     0.88730388
0.9     0.89265851
0.905     0.89801489
0.91     0.90337294
0.915     0.90873256
0.92     0.91409367
0.925     0.91945618
0.93        0.92482
0.935     0.93018503
0.94      0.9355512
0.945      0.9409184
0.95     0.94628655
0.955     0.95165555
0.96     0.95702532
0.965     0.96239576
0.97     0.96776678
0.975      0.9731383
0.98     0.97851021
0.985     0.98388243
0.99     0.98925486
0.995     0.99462741
1              1
