final time = 0.2

0              0
0.005   0.0046307265
0.01   0.0082328391
0.015    0.011835728
0.02    0.015439731
0.025    0.019045188
0.03    0.022652438
0.035    0.026261819
0.04    0.029873667
0.045    0.033488321
0.05    0.037106117
0.055     0.04072739
0.06    0.044352475
0.065    0.047981706
0.07    0.051615416
0.075    0.055253936
0.08    0.058897599
0.085    0.062546732
0.09    0.066201664
0.095    0.069862722
0.1    0.073530231
0.105    0.077204515
0.11    0.080885897
0.115    0.084574696
0.12    0.088271232
0.125     0.09197582
0.13    0.095688777
0.135    0.099410415
0.14     0.10314105
0.145     0.10688098
0.15     0.11063051
0.155     0.11438996
0.16     0.11815963
0.165      0.1219398
0.17     0.12573079
0.175     0.12953288
0.18     0.13334637
0.185     0.13717154
0.19     0.14100868
0.195     0.14485807
0.2        0.14872
0.205     0.15259474
0.21     0.15648257
0.215     0.16038376
0.22     0.16429857
0.225     0.16822727
0.23     0.17217012
0.235     0.17612738
0.24      0.1800993
0.245     0.18408614
0.25     0.18808814
0.255     0.19210555
0.26      0.1961386
0.265     0.20018754
0.27     0.20425259
0.275     0.20833398
0.28     0.21243194
0.285     0.21654669
0.29     0.22067844
0.295     0.22482742
0.3     0.22899382
0.305     0.23317785
0.31     0.23737971
0.315     0.24159959
0.32     0.24583769
0.325      0.2500942
0.33     0.25436929
0.335     0.25866315
0.34     0.26297595
0.345     0.26730785
0.35     0.27165902
0.355     0.27602962
0.36     0.28041981
0.365     0.28482973
0.37     0.28925954
0.375     0.29370936
0.38     0.29817934
0.385     0.30266961
0.39     0.30718029
0.395      0.3117115
0.4     0.31626337
0.405     0.32083599
0.41     0.32542948
0.415     0.33004394
0.42     0.33467946
0.425     0.33933613
0.43     0.34401403
0.435     0.34871326
0.44     0.35343388
0.445     0.35817596
0.45     0.36293956
0.455     0.36772475
0.46     0.37253158
0.465      0.3773601
0.47     0.38221035
0.475     0.38708237
0.48     0.39197619
0.485     0.39689183
0.49     0.40182933
0.495     0.40678869
0.5     0.41176994
0.505     0.41677306
0.51     0.42179807
0.515     0.42684496
0.52     0.43191371
0.525     0.43700432
0.53     0.44211675
0.535       0.447251
0.54     0.45240701
0.545     0.45758476
0.55      0.4627842
0.555     0.46800528
0.56     0.47324796
0.565     0.47851216
0.57     0.48379784
0.575     0.48910491
0.58      0.4944333
0.585     0.49978294
0.59     0.50515374
0.595      0.5105456
0.6     0.51595843
0.605     0.52139214
0.61      0.5268466
0.615     0.53232172
0.62     0.53781738
0.625     0.54333345
0.63     0.54886981
0.635     0.55442632
0.64     0.56000286
0.645     0.56559927
0.65     0.57121541
0.655     0.57685113
0.66     0.58250628
0.665     0.58818068
0.67     0.59387418
0.675      0.5995866
0.68     0.60531778
0.685     0.61106751
0.69     0.61683564
0.695     0.62262195
0.7     0.62842627
0.705     0.63424838
0.71     0.64008809
0.715     0.64594519
0.72     0.65181947
0.725     0.65771071
0.73     0.66361868
0.735     0.66954318
0.74     0.67548396
0.745     0.68144079
0.75     0.68741344
0.755     0.69340167
0.76     0.69940523
0.765     0.70542387
0.77     0.71145734
0.775     0.71750538
0.78     0.72356773
0.785     0.72964414
0.79     0.73573433
0.795     0.74183802
0.8     0.74795496
0.805     0.75408486
0.81     0.76022743
0.815      0.7663824
0.82     0.77254948
0.825     0.77872838
0.83      0.7849188
0.835     0.79112046
0.84     0.79733304
0.845     0.80355625
0.85     0.80978979
0.855     0.81603335
0.86     0.82228661
0.865     0.82854927
0.87     0.83482102
0.875     0.84110153
0.88     0.84739049
0.885     0.85368757
0.89     0.85999246
0.895     0.86630482
0.9     0.87262434
0.905     0.87895068
0.91     0.88528352
0.915     0.89162251
0.92     0.89796733
0.925     0.90431765
0.93     0.91067311
0.935      0.9170334
0.94     0.92339816
0.945     0.92976707
0.95     0.93613977
0.955     0.94251593
0.96     0.94889519
0.965     0.95527723
0.97     0.96166169
0.975     0.96804823
0.98      0.9744365
0.985     0.98082616
0.99     0.98721686
0.995     0.99360826
1              1
