final time = 1e-05

0              0
0.01 1.0405772e-253
0.02 9.3758002e-251
0.03 8.3700553e-248
0.04 7.4026952e-245
0.05 6.4855556e-242
0.06 5.6279926e-239
0.07 4.8368331e-236
0.08 4.1164341e-233
0.09 3.4688367e-230
0.1 2.8939981e-227
0.11 2.3900789e-224
0.12 1.9537662e-221
0.13 1.5806105e-218
0.14 1.2653577e-215
0.15 1.0022613e-212
0.16 7.8536127e-210
0.17 6.0872215e-207
0.18 4.6662571e-204
0.19 3.5371665e-201
0.2 2.6510346e-198
0.21 1.9641857e-195
0.22 1.4384324e-192
0.23 1.0410389e-189
0.24 7.4446451e-187
0.25 5.2595398e-184
0.26 3.6703154e-181
0.27 2.5294966e-178
0.28 1.7213174e-175
0.29 1.1563861e-172
0.3 7.6678999e-170
0.31 5.0175983e-167
0.32 3.2394628e-164
0.33 2.0630841e-161
0.34 1.2957887e-158
0.35 8.0246921e-156
0.36 4.8989186e-153
0.37  2.947456e-150
0.38 1.7472863e-147
0.39 1.0203318e-144
0.4 5.8676858e-142
0.41 3.3221864e-139
0.42 1.8513675e-136
0.43 1.0151926e-133
0.44 5.4759914e-131
0.45 2.9047066e-128
0.46 1.5147081e-125
0.47 7.7624649e-123
0.48 3.9081016e-120
0.49 1.9322948e-117
0.5 9.3791195e-115
0.51 4.4675084e-112
0.52 2.0874209e-109
0.53 9.5634721e-107
0.54 4.2943163e-104
0.55  1.889075e-101
0.56  8.1372247e-99
0.57  3.4305312e-96
0.58  1.4147528e-93
0.59  5.7042619e-91
0.6  2.2473586e-88
0.61  8.6465223e-86
0.62  3.2466526e-83
0.63  1.1889687e-80
0.64  4.2437039e-78
0.65  1.4751735e-75
0.66  4.9903385e-73
0.67  1.6415414e-70
0.68  5.2460636e-68
0.69  1.6273352e-65
0.7  4.8950685e-63
0.71  1.4263551e-60
0.72  4.0216282e-58
0.73  1.0958874e-55
0.74  2.8824825e-53
0.75  7.3081819e-51
0.76  1.7834156e-48
0.77  4.1821788e-46
0.78  9.4082045e-44
0.79  2.0264948e-41
0.8  4.1708362e-39
0.81  8.1838332e-37
0.82  1.5270836e-34
0.83   2.702345e-32
0.84  4.5211958e-30
0.85   7.126911e-28
0.86  1.0543696e-25
0.87  1.4574829e-23
0.88  1.8729426e-21
0.89  2.2243111e-19
0.9  2.4244502e-17
0.91  2.4055016e-15
0.92  2.1510672e-13
0.93  1.7125059e-11
0.94  1.1951109e-09
0.95  7.1648355e-08
0.96  3.5901406e-06
0.97   0.0001445539
0.98   0.0043994172
0.99    0.090852778
1              1
